========================================================================================================
b508 -- THE EPSTEIN MARGIN ON THE COMPLETED BANK, BESIDE XI`S. ### COMPONENTS 1-3.
========================================================================================================
### THE FIXTURE: the 17 off-line pair terms summed against b506`s banked Z_off, 93 cells: largest difference 4.2e-17 (bar 1e-12, floor near 1e-17).

### COMPONENT 1 -- WHERE BOTH KERNELS VERIFY.
    cells in the ladder : 119 ; xi verified (b504) : 109 ; Q0 cells run on the completed bank (b506) : 93, verified 93
    ### ### **CELLS WHERE BOTH VERIFY : 83** (a from 5.000000 to 14.106736)
    a          m_Q0           |r_Q0|     B_Q0       m_xi           |r_xi|     B_xi      
    5.000000   +2.542442140 4.06e-07   2.25e-06   +0.041537800 3.29e-08   1.98e-07  
    5.098076   +2.497455176 4.27e-07   2.19e-06   +0.042149991 1.06e-07   2.74e-07  
    5.196152   +2.454560720 3.73e-07   2.18e-06   +0.042289658 4.07e-08   2.19e-07  
    5.290659   +2.415002547 2.97e-07   2.15e-06   +0.042009677 1.34e-08   1.59e-07  
    5.385165   +2.377011371 2.31e-07   2.14e-06   +0.041378122 1.17e-08   1.91e-07  
    5.476465   +2.341654470 2.29e-07   2.11e-06   +0.040497936 3.73e-09   1.86e-07  
    5.567764   +2.307500699 2.62e-07   2.04e-06   +0.039417882 6.73e-09   1.73e-07  
    5.612309   +2.291242404 2.39e-07   2.05e-06   +0.038837375 6.53e-09   1.73e-07  
    5.656854   +2.275235593 2.25e-07   2.04e-06   +0.038231021 9.11e-10   1.80e-07  
    5.869808   +2.201904184 1.42e-07   1.99e-06   +0.035158855 2.08e-08   1.66e-07  
    6.082763   +2.133259600 1.91e-07   1.88e-06   +0.032151876 1.78e-08   1.38e-07  
    6.242943   +2.084329920 1.02e-07   1.91e-06   +0.030104117 1.09e-07   2.66e-07  
    6.403124   +2.037483584 1.06e-07   1.84e-06   +0.028284986 1.32e-07   1.63e-07  
    6.480281   +2.015607658 5.81e-08   1.86e-06   +0.027488367 1.37e-07   2.95e-07  
    6.557439   +1.994155008 5.22e-08   1.85e-06   +0.026740173 6.17e-08   1.96e-07  
    6.706547   +1.953834392 6.73e-08   1.81e-06   +0.025415184 1.16e-07   1.78e-07  
    6.855655   +1.914919298 4.42e-08   1.79e-06   +0.024221207 6.05e-08   1.19e-07  
    6.927827   +1.896557300 4.94e-08   1.77e-06   +0.023680164 2.62e-08   1.65e-07  
    7.000000   +1.878489448 8.51e-08   1.71e-06   +0.023158422 2.20e-07   3.45e-07  
    7.140055   +1.844226252 2.23e-08   1.74e-06   +0.022186020 7.97e-08   1.98e-07  
    7.280110   +1.810951765 4.97e-08   1.69e-06   +0.021248259 6.46e-09   1.15e-07  
    7.681146   +1.720474190 4.86e-08   1.62e-06   +0.018595391 1.19e-07   4.92e-07  
    7.745698   +1.706501565 4.72e-08   1.61e-06   +0.018161764 7.75e-09   1.15e-07  
    7.810250   +1.692677493 2.08e-09   1.63e-06   +0.017725271 1.03e-08   1.28e-07  
    7.905125   +1.672619998 3.50e-09   1.63e-06   +0.017079508 6.48e-08   1.91e-07  
    8.000000   +1.652861416 1.51e-08   1.60e-06   +0.016429727 2.38e-07   3.54e-07  
    8.092676   +1.633839443 3.15e-08   1.56e-06   +0.015794184 9.65e-08   2.38e-07  
    8.185353   +1.615085072 6.03e-08   1.52e-06   +0.015160029 8.78e-09   1.13e-07  
    8.485077   +1.556199354 1.51e-08   1.52e-06   +0.013153920 8.58e-08   2.01e-07  
    8.544004   +1.544932659 5.10e-08   1.47e-06   +0.012773255 2.97e-08   2.10e-07  
    8.716099   +1.512602467 5.77e-09   1.49e-06   +0.011698695 7.44e-09   1.53e-07  
    8.888194   +1.481120912 4.44e-09   1.48e-06   +0.010688553 8.30e-08   4.66e-07  
    8.944097   +1.471075908 1.03e-09   1.45e-06   +0.010375908 5.82e-10   9.16e-08  
    9.000000   +1.461119429 3.83e-08   1.40e-06   +0.010070924 1.44e-07   2.45e-07  
    9.055217   +1.451371685 2.75e-08   1.41e-06   +0.009777828 1.35e-08   2.80e-07  
    9.272207   +1.413892984 1.43e-08   1.40e-06   +0.008702501 1.63e-07   2.90e-07  
    9.433981   +1.386800677 3.33e-08   1.34e-06   +0.007979244 3.11e-08   9.53e-08  
    9.641419   +1.353101715 1.02e-08   1.35e-06   +0.007144681 9.60e-08   1.13e-07  
    9.848858   +1.320543194 1.68e-10   1.32e-06   +0.006402611 7.81e-08   1.14e-07  
    9.949367   +1.305166775 1.08e-08   1.31e-06   +0.006071912 5.27e-08   2.28e-07  
    10.049876  +1.290044246 4.54e-11   1.28e-06   +0.005757405 1.47e-07   1.95e-07  
    10.099384  +1.282687031 2.94e-08   1.28e-06   +0.005608071 1.21e-07   4.04e-07  
    10.148892  +1.275389559 9.68e-08   1.18e-06   +0.005462163 1.07e-08   3.64e-08  
    10.246486  +1.261176284 6.85e-08   1.19e-06   +0.005183292 7.53e-08   8.31e-08  
    10.344080  +1.247187334 5.61e-08   1.21e-06   +0.004914826 1.46e-07   1.93e-07  
    10.392193  +1.240371926 1.04e-07   1.18e-06   +0.004786271 2.71e-10   1.04e-07  
    10.440307  +1.233608991 2.29e-08   1.23e-06   +0.004659727 7.72e-10   3.70e-08  
    10.535226  +1.220418717 5.43e-08   1.22e-06   +0.004415766 1.73e-07   2.55e-07  
    10.815073  +1.182660183 7.80e-08   1.28e-06   +0.003736556 2.64e-07   2.99e-07  
    11.090170  +1.147093830 9.25e-08   1.30e-06   +0.003120926 1.46e-07   1.76e-07  
    11.180340  +1.135751445 2.86e-08   1.16e-06   +0.002929894 4.17e-08   7.21e-08  
    11.269428  +1.124691648 1.06e-07   1.07e-06   +0.002747052 9.19e-09   8.71e-08  
    11.291568  +1.121965085 1.12e-08   1.18e-06   +0.002702599 7.94e-08   2.13e-07  
    11.313708  +1.119247412 8.84e-08   1.11e-06   +0.002658272 7.61e-08   1.40e-07  
    11.379616  +1.111208161 7.40e-08   1.24e-06   +0.002528997 9.74e-08   2.91e-07  
    11.445523  +1.103244593 7.03e-08   1.14e-06   +0.002403165 1.26e-07   2.72e-07  
    11.575112  +1.087800719 1.04e-07   1.03e-06   +0.002166534 2.32e-08   6.13e-08  
    11.704700  +1.072632779 3.12e-08   1.14e-06   +0.001944742 1.16e-07   1.44e-07  
    11.747263  +1.067709608 5.11e-08   1.09e-06   +0.001875137 3.30e-08   6.05e-08  
    11.789826  +1.062814747 3.50e-08   1.13e-06   +0.001807419 4.67e-08   4.31e-07  
    11.998191  +1.039251539 3.05e-09   1.10e-06   +0.001502150 1.87e-07   1.93e-07  
    12.206556  +1.016324567 4.85e-08   1.12e-06   +0.001243364 6.57e-08   3.55e-07  
    12.247381  +1.011903961 2.79e-08   1.12e-06   +0.001198133 4.10e-08   1.34e-07  
    12.288206  +1.007506207 2.50e-08   1.10e-06   +0.001154947 1.57e-08   1.36e-07  
    12.409085  +0.994616463 1.03e-07   9.94e-07   +0.001038010 3.18e-08   1.15e-07  
    12.767145  +0.957537227 2.84e-08   1.09e-06   +0.000791046 1.75e-08   8.67e-08  
    12.922848  +0.941899617 5.67e-08   1.13e-06   +0.000730062 1.51e-08   1.74e-07  
    12.961424  +0.938068826 1.23e-08   1.08e-06   +0.000719271 4.62e-08   8.32e-08  
    13.000000  +0.934254877 3.38e-08   1.10e-06   +0.000710101 1.14e-08   1.88e-07  
    13.076473  +0.926743560 3.92e-08   1.02e-06   +0.000696960 2.58e-08   1.80e-07  
    13.152946  +0.919296700 1.29e-08   1.05e-06   +0.000690331 4.52e-08   1.13e-07  
    13.266017  +0.908402015 8.43e-08   1.02e-06   +0.000692184 2.29e-08   2.06e-07  
    13.379088  +0.897642139 2.17e-08   9.98e-07   +0.000707721 6.56e-08   1.19e-07  
    13.416356  +0.894124560 1.32e-07   1.17e-06   +0.000715744 6.97e-08   2.57e-07  
    13.453624  +0.890621487 4.30e-08   1.01e-06   +0.000725182 7.45e-08   9.50e-07  
    13.636950  +0.873591331 8.30e-08   9.29e-07   +0.000791559 5.28e-08   1.04e-07  
    13.820275  +0.856889142 3.38e-08   1.05e-06   +0.000889471 6.05e-08   6.36e-08  
    13.856359  +0.853639318 4.66e-08   1.09e-06   +0.000912224 4.98e-08   1.97e-07  
    13.892444  +0.850401766 1.38e-08   1.05e-06   +0.000936084 4.38e-08   2.45e-07  
    13.964056  +0.844012450 3.59e-08   1.03e-06   +0.000986636 5.46e-08   1.33e-07  
    14.035669  +0.837670626 6.89e-08   1.01e-06   +0.001041259 4.87e-08   2.49e-07  
    14.071202  +0.834541203 3.24e-08   1.04e-06   +0.001069829 4.91e-08   2.54e-07  
    14.106736  +0.831423412 1.38e-07   9.15e-07   +0.001099358 6.49e-08   1.42e-06  
    ### SMALLEST EPSTEIN MARGIN : +0.831423412 at a = 14.106736
    ### CELLS WHERE IT IS NEGATIVE : NONE

### COMPONENT 2 -- THE ZERO CHANNEL BESIDE THE MARGIN, AND ITS OFF-LINE PART.
    a          Z_Q0           m_Q0           P           m-(Z-P)     |r|         Z_on           Z_off         
    5.000000   +2.542441734 +2.542442140 +4.90e-16 +4.06e-07 4.06e-07 +2.493288124 +4.915360999e-02
    5.098076   +2.497454750 +2.497455176 +2.26e-16 +4.27e-07 4.27e-07 +2.452089760 +4.536499006e-02
    5.196152   +2.454560347 +2.454560720 +9.66e-16 +3.73e-07 3.73e-07 +2.412592401 +4.196794521e-02
    5.290659   +2.415002249 +2.415002547 +7.66e-16 +2.97e-07 2.97e-07 +2.375958619 +3.904363016e-02
    5.385165   +2.377011141 +2.377011371 -8.09e-16 +2.31e-07 2.31e-07 +2.340581270 +3.642987089e-02
    5.476465   +2.341654241 +2.341654470 +1.31e-15 +2.29e-07 2.29e-07 +2.307488200 +3.416604051e-02
    5.567764   +2.307500437 +2.307500699 +4.37e-16 +2.62e-07 2.62e-07 +2.275374605 +3.212583177e-02
    5.612309   +2.291242165 +2.291242404 +5.16e-16 +2.39e-07 2.39e-07 +2.260040224 +3.120194112e-02
    5.656854   +2.275235368 +2.275235593 -2.74e-16 +2.25e-07 2.25e-07 +2.244915234 +3.032013367e-02
    5.869808   +2.201904041 +2.201904184 -5.26e-16 +1.42e-07 1.42e-07 +2.175320210 +2.658383168e-02
    6.082763   +2.133259409 +2.133259600 +1.38e-15 +1.91e-07 1.91e-07 +2.109835339 +2.342407060e-02
    6.242943   +2.084329818 +2.084329920 -1.37e-15 +1.02e-07 1.02e-07 +2.063023352 +2.130646611e-02
    6.403124   +2.037483478 +2.037483584 -1.47e-15 +1.06e-07 1.06e-07 +2.018118040 +1.936543849e-02
    6.480281   +2.015607600 +2.015607658 +5.95e-16 +5.81e-08 5.81e-08 +1.997119398 +1.848820171e-02
    6.557439   +1.994154956 +1.994155008 -6.80e-16 +5.22e-08 5.22e-08 +1.976507851 +1.764710468e-02
    6.706547   +1.953834325 +1.953834392 +1.29e-16 +6.73e-08 6.73e-08 +1.937713129 +1.612119595e-02
    6.855655   +1.914919254 +1.914919298 +9.64e-16 +4.42e-08 4.42e-08 +1.900198527 +1.472072733e-02
    6.927827   +1.896557250 +1.896557300 -7.05e-16 +4.94e-08 4.94e-08 +1.882472303 +1.408494729e-02
    7.000000   +1.878489363 +1.878489448 -1.20e-15 +8.51e-08 8.51e-08 +1.865014981 +1.347438183e-02
    7.140055   +1.844226230 +1.844226252 +1.30e-16 +2.23e-08 2.23e-08 +1.831873293 +1.235293696e-02
    7.280110   +1.810951715 +1.810951765 -4.13e-16 +4.97e-08 4.97e-08 +1.799654108 +1.129760783e-02
    7.681146   +1.720474141 +1.720474190 -3.72e-16 +4.86e-08 4.86e-08 +1.712043508 +8.430632538e-03
    7.745698   +1.706501518 +1.706501565 +4.20e-16 +4.72e-08 4.72e-08 +1.698532208 +7.969310294e-03
    7.810250   +1.692677495 +1.692677493 -4.56e-16 -2.08e-09 2.08e-09 +1.685172200 +7.505295202e-03
    7.905125   +1.672620001 +1.672619998 +1.15e-16 -3.50e-09 3.50e-09 +1.665801441 +6.818560445e-03
    8.000000   +1.652861401 +1.652861416 +6.64e-16 +1.51e-08 1.51e-08 +1.646733497 +6.127903558e-03
    8.092676   +1.633839411 +1.633839443 +4.17e-17 +3.15e-08 3.15e-08 +1.628386444 +5.452967389e-03
    8.185353   +1.615085012 +1.615085072 -4.79e-16 +6.03e-08 6.03e-08 +1.610302333 +4.782678829e-03
    8.485077   +1.556199339 +1.556199354 -1.26e-15 +1.51e-08 1.51e-08 +1.553475641 +2.723698599e-03
    8.544004   +1.544932608 +1.544932659 +1.16e-15 +5.10e-08 5.10e-08 +1.542579840 +2.352767946e-03
    8.716099   +1.512602472 +1.512602467 +9.69e-16 -5.77e-09 5.77e-09 +1.511237948 +1.364524055e-03
    8.888194   +1.481120917 +1.481120912 +1.88e-15 -4.44e-09 4.44e-09 +1.480572808 +5.481084187e-04
    8.944097   +1.471075907 +1.471075908 +1.54e-15 +1.03e-09 1.03e-09 +1.470750751 +3.251556900e-04
    9.000000   +1.461119391 +1.461119429 +6.44e-16 +3.83e-08 3.83e-08 +1.460995097 +1.242934843e-04
    9.055217   +1.451371658 +1.451371685 +3.32e-16 +2.75e-08 2.75e-08 +1.451423492 -5.183459456e-05
    9.272207   +1.413892998 +1.413892984 +8.63e-16 -1.43e-08 1.43e-08 +1.414415955 -5.229564304e-04
    9.433981   +1.386800643 +1.386800677 +1.03e-16 +3.33e-08 3.33e-08 +1.387443630 -6.429866566e-04
    9.641419   +1.353101725 +1.353101715 -9.66e-17 -1.02e-08 1.02e-08 +1.353620354 -5.186283414e-04
    9.848858   +1.320543194 +1.320543194 +7.64e-16 +1.68e-10 1.68e-10 +1.320652081 -1.088864884e-04
    9.949367   +1.305166764 +1.305166775 +6.26e-16 +1.08e-08 1.08e-08 +1.304986428 +1.803369353e-04
    10.049876  +1.290044246 +1.290044246 -1.67e-16 +4.54e-11 4.54e-11 +1.289522728 +5.215172432e-04
    10.099384  +1.282687002 +1.282687031 -8.58e-16 +2.94e-08 2.94e-08 +1.281980083 +7.069186915e-04
    10.148892  +1.275389462 +1.275389559 -7.82e-16 +9.68e-08 9.68e-08 +1.274486643 +9.028195222e-04
    10.246486  +1.261176215 +1.261176284 +2.86e-16 +6.85e-08 6.85e-08 +1.259859255 +1.316960167e-03
    10.344080  +1.247187278 +1.247187334 +3.43e-16 +5.61e-08 5.61e-08 +1.245423700 +1.763578438e-03
    10.392193  +1.240371822 +1.240371926 +4.21e-16 +1.04e-07 1.04e-07 +1.238377803 +1.994019329e-03
    10.440307  +1.233608969 +1.233608991 -3.69e-16 +2.29e-08 2.29e-08 +1.231378611 +2.230357723e-03
    10.535226  +1.220418663 +1.220418717 +9.34e-16 +5.43e-08 5.43e-08 +1.217707251 +2.711411493e-03
    10.815073  +1.182660261 +1.182660183 +1.32e-15 -7.80e-08 7.80e-08 +1.178457079 +4.203182194e-03
    11.090170  +1.147093922 +1.147093830 -1.40e-15 -9.25e-08 9.25e-08 +1.141399863 +5.694058789e-03
    11.180340  +1.135751417 +1.135751445 -4.78e-17 +2.86e-08 2.86e-08 +1.129578786 +6.172630462e-03
    11.269428  +1.124691542 +1.124691648 -8.12e-18 +1.06e-07 1.06e-07 +1.118055380 +6.636161445e-03
    11.291568  +1.121965074 +1.121965085 +3.41e-16 +1.12e-08 1.12e-08 +1.115215410 +6.749663688e-03
    11.313708  +1.119247324 +1.119247412 -1.93e-16 +8.84e-08 8.84e-08 +1.112384898 +6.862426164e-03
    11.379616  +1.111208235 +1.111208161 -2.68e-17 -7.40e-08 7.40e-08 +1.104014813 +7.193421904e-03
    11.445523  +1.103244522 +1.103244593 -2.62e-16 +7.03e-08 7.03e-08 +1.095727685 +7.516837859e-03
    11.575112  +1.087800615 +1.087800719 +4.67e-16 +1.04e-07 1.04e-07 +1.079672576 +8.128039495e-03
    11.704700  +1.072632810 +1.072632779 -5.88e-16 -3.12e-08 3.12e-08 +1.063930005 +8.702805589e-03
    11.747263  +1.067709557 +1.067709608 -4.64e-16 +5.11e-08 5.11e-08 +1.058826556 +8.883000868e-03
    11.789826  +1.062814712 +1.062814747 +1.20e-15 +3.50e-08 3.50e-08 +1.053755952 +9.058760164e-03
    11.998191  +1.039251536 +1.039251539 +7.72e-16 +3.05e-09 3.05e-09 +1.029399390 +9.852145464e-03
    12.206556  +1.016324518 +1.016324567 +1.51e-15 +4.85e-08 4.85e-08 +1.005796167 +1.052835116e-02
    12.247381  +1.011903933 +1.011903961 +3.05e-17 +2.79e-08 2.79e-08 +1.001257301 +1.064663255e-02
    12.288206  +1.007506182 +1.007506207 +1.62e-16 +2.50e-08 2.50e-08 +0.996745987 +1.076019572e-02
    12.409085  +0.994616359 +0.994616463 -8.71e-16 +1.03e-07 1.03e-07 +0.983547733 +1.106862618e-02
    12.767145  +0.957537199 +0.957537227 +3.52e-16 +2.84e-08 2.84e-08 +0.945799840 +1.173735858e-02
    12.922848  +0.941899674 +0.941899617 +5.44e-16 -5.67e-08 5.67e-08 +0.929984703 +1.191497040e-02
    12.961424  +0.938068838 +0.938068826 -6.53e-16 -1.23e-08 1.23e-08 +0.926120277 +1.194856044e-02
    13.000000  +0.934254911 +0.934254877 +7.41e-16 -3.38e-08 3.38e-08 +0.922276851 +1.197806049e-02
    13.076473  +0.926743521 +0.926743560 -2.75e-16 +3.92e-08 3.92e-08 +0.914718967 +1.202455318e-02
    13.152946  +0.919296712 +0.919296700 -1.60e-15 -1.29e-08 1.29e-08 +0.907241418 +1.205529440e-02
    13.266017  +0.908401931 +0.908402015 +5.62e-16 +8.43e-08 8.43e-08 +0.896329519 +1.207241181e-02
    13.379088  +0.897642117 +0.897642139 +5.62e-16 +2.17e-08 2.17e-08 +0.885585588 +1.205652897e-02
    13.416356  +0.894124693 +0.894124560 +6.53e-16 -1.32e-07 1.32e-07 +0.882080460 +1.204423251e-02
    13.453624  +0.890621444 +0.890621487 -5.15e-16 +4.30e-08 4.30e-08 +0.878592944 +1.202849971e-02
    13.636950  +0.873591248 +0.873591331 -5.40e-16 +8.30e-08 8.30e-08 +0.861688754 +1.190249348e-02
    13.820275  +0.856889175 +0.856889142 +4.32e-16 -3.38e-08 3.38e-08 +0.845189454 +1.169972134e-02
    13.856359  +0.853639364 +0.853639318 +7.66e-17 -4.66e-08 4.66e-08 +0.841988083 +1.165128169e-02
    13.892444  +0.850401779 +0.850401766 -3.23e-16 -1.38e-08 1.38e-08 +0.838801627 +1.160015263e-02
    13.964056  +0.844012486 +0.844012450 +1.89e-16 -3.59e-08 3.59e-08 +0.832521566 +1.149092001e-02
    14.035669  +0.837670557 +0.837670626 +7.85e-16 +6.89e-08 6.89e-08 +0.826298850 +1.137170716e-02
    14.071202  +0.834541171 +0.834541203 -1.80e-16 +3.24e-08 3.24e-08 +0.823232190 +1.130898048e-02
    14.106736  +0.831423273 +0.831423412 +7.75e-16 +1.38e-07 1.38e-07 +0.820179319 +1.124395391e-02
    ### m_Q0 - (Z_Q0 - P) equals -r at every cell to 4.4e-16: ### **BY CONSTRUCTION**, since b506 defines r = Z - (P - PR + A).
    ### largest |m - (Z - P)| 4.27e-07 ; largest |P| 1.88e-15 ; within |r| at every cell : True ; within B at every cell : True
    ### THE OFF-LINE PART : positive at 78, negative at 5 of 83 cells ; |Z_off| from 4.915e-02 (a = 5.000000) to 1.124e-02 (a = 14.106736) ; rising steps 35 of 82 ; Spearman(a, |Z_off|) -0.2359

### COMPONENT 3 -- THE PAIR AT 0.953 + 16.29i AGAINST THE ON-LINE PART. ### **AN EXTRAPOLATION, AND LABELLED AS ONE.**
    its term (the zero with its three images) : positive at 75, negative at 8 ; share of Z_off from -2.395 to 8.469
    |T16| / |Z_on| : 1.8511e-02 at a = 5.000000 ; 1.3557e-02 at a = 14.106736
    centre lines, log|y| on log a over the 83 cells : |T16| ~ a^(-1.0898) ; |Z_on| ~ a^(-1.0816)
    ### ### **THE EXTRAPOLATED WIDTH WHERE |T16| WOULD EQUAL |Z_on| IF THESE CENTRE LINES CONTINUED : NONE -- under the centre lines the ratio falls with a**
    ### ratio grows with a under the fits : False ; the extrapolated width lies beyond the ladder : None
    ### ### **A FIT IS NOT A BOUND AND AN EXTRAPOLATION IS NOT A CROSSING. NO CROSSING WIDTH IS ASSERTED.**
    ### the detection law F.2026-08-05-p for this pair : 5.9 gamma^2 / delta = 3454.3 (gamma 16.290216, delta 0.4532605); the sitting measured 3379.
    ### THAT IS A LI INDEX n, NOT A SUPPORT WIDTH a. ### This act does not map one to the other; the two are printed side by side and not compared.
========================================================================================================
