============================================================================================================================
b514 -- THE MATCHED WINDOW: Q0 AT 16.290216 AND XI AT 14.1347 ACROSS THE LADDER`S WIDTHS.
============================================================================================================================

### COMPONENT 1 -- Q0. ### VERIFIED-EST iff |r| <= B ; signs decided beyond B ; the u > 1200 shortfall an ESTIMATE outside B.
  a          m = A - PR    s  P - PR + A    s  |r|        B          VER  pair          others        on-line       share     shortfall 
  1.300000   +9.222405e+00 +  +9.632095e+00 +  1.08e-07   9.13e-07   YES  +1.050116e+00 +5.272959e-01 +8.054683e+00 0.1304    5.17e-13  
  1.350000   +7.841667e+00 +  +8.085724e+00 +  7.84e-08   3.12e-07   YES  +1.010916e+00 +3.465848e-01 +6.728223e+00 0.1503    1.76e-13  
  1.410000   +6.787851e+00 +  +6.908167e+00 +  1.82e-08   1.06e-07   YES  +1.002401e+00 +2.045353e-01 +5.701231e+00 0.1758    5.98e-14  
  1.500000   +5.783764e+00 +  +5.818568e+00 +  1.06e-08   2.83e-08   YES  +1.002825e+00 +8.659252e-02 +4.729151e+00 0.2121    1.59e-14  
  1.700000   +4.490332e+00 +  +4.491223e+00 +  4.39e-10   3.35e-09   YES  +1.009068e+00 +9.337178e-03 +3.472817e+00 0.2906    1.85e-15  
  1.900000   +3.731230e+00 +  +3.731233e+00 +  1.10e-10   7.73e-10   YES  +1.008600e+00 +6.096468e-04 +2.722023e+00 0.3705    4.03e-16  
  1.990000   +3.483217e+00 +  +3.483217e+00 +  1.09e-10   4.64e-10   YES  +1.008432e+00 +1.408170e-04 +2.474644e+00 0.4075    2.31e-16  
  2.000000   +3.458287e+00 +  +3.458287e+00 +  1.06e-10   4.40e-10   YES  +1.008486e+00 +1.179973e-04 +2.449684e+00 0.4117    2.18e-16  
  2.010000   +3.433832e+00 +  +3.433832e+00 +  9.98e-11   4.19e-10   YES  +1.008551e+00 +9.853726e-05 +2.425183e+00 0.4159    2.06e-16  
  2.100000   +3.233076e+00 +  +3.233076e+00 +  5.20e-11   2.76e-10   YES  +1.009468e+00 +1.614038e-05 +2.223592e+00 0.4540    1.26e-16  
  2.400000   +2.745390e+00 +  +2.745390e+00 +  1.37e-11   1.07e-10   YES  +1.013448e+00 +5.395369e-07 +1.731942e+00 0.5852    3.36e-17  
  2.800000   +2.339378e+00 +  +2.339385e+00 +  2.85e-12   6.03e-11   YES  +1.018528e+00 +5.062701e-06 +1.320852e+00 0.7711    9.19e-18  
  3.000000   +2.195148e+00 +  +2.195159e+00 +  2.02e-12   5.24e-11   YES  +1.020876e+00 +3.923330e-06 +1.174279e+00 0.8694    5.47e-18  
  3.158312   +2.099654e+00 +  +2.099663e+00 +  2.05e-12   4.85e-11   YES  +1.022888e+00 +2.435036e-06 +1.076773e+00 0.9500    3.79e-18  
  3.316625   +2.017153e+00 +  +2.017159e+00 +  1.08e-12   4.57e-11   YES  +1.024901e+00 +2.105460e-06 +9.922562e-01 1.0329    2.72e-18  
  3.461088   +1.951181e+00 +  +1.951183e+00 +  9.02e-13   4.37e-11   YES  +1.026753e+00 +2.923292e-06 +9.244271e-01 1.1107    2.06e-18  
  3.605551   +1.892647e+00 +  +1.892648e+00 +  4.58e-13   4.21e-11   YES  +1.028630e+00 +4.054245e-06 +8.640140e-01 1.1905    1.59e-18  
  3.802776   +1.822727e+00 +  +1.822727e+00 +  3.60e-13   4.02e-11   YES  +1.031141e+00 +5.075738e-06 +7.915813e-01 1.3026    1.15e-18  
  4.000000   +1.762304e+00 +  +1.762304e+00 +  2.38e-13   3.87e-11   YES  +1.033529e+00 +4.943420e-06 +7.287707e-01 1.4182    8.51e-19  
  4.061553   +1.745113e+00 +  +1.745113e+00 +  2.31e-13   3.82e-11   YES  +1.034257e+00 +4.683054e-06 +7.108507e-01 1.4550    7.79e-19  
  4.123106   +1.728638e+00 +  +1.728638e+00 +  2.31e-13   3.78e-11   YES  +1.034983e+00 +4.350727e-06 +6.936505e-01 1.4921    7.16e-19  
  4.241002   +1.698950e+00 +  +1.698950e+00 +  2.46e-13   3.70e-11   YES  +1.036375e+00 +3.592153e-06 +6.625708e-01 1.5642    6.11e-19  
  4.358899   +1.671511e+00 +  +1.671511e+00 +  1.94e-13   3.63e-11   YES  +1.037774e+00 +2.782428e-06 +6.337340e-01 1.6376    5.26e-19  
  4.577365   +1.625883e+00 +  +1.625883e+00 +  2.16e-13   3.50e-11   YES  +1.040368e+00 +1.455907e-06 +5.855136e-01 1.7768    4.05e-19  
  4.795832   +1.586044e+00 +  +1.586044e+00 +  1.40e-13   3.38e-11   YES  +1.042931e+00 +6.006990e-07 +5.431128e-01 1.9203    3.18e-19  
  4.897916   +1.569141e+00 +  +1.569141e+00 +  1.17e-13   3.33e-11   YES  +1.044116e+00 +3.661707e-07 +5.250242e-01 1.9887    2.86e-19  
  5.000000   +1.553216e+00 +  +1.553216e+00 +  1.19e-13   3.28e-11   YES  +1.045296e+00 +2.128000e-07 +5.079191e-01 2.0580    2.58e-19  
  5.098076   +1.538772e+00 +  +1.538772e+00 +  9.33e-14   3.23e-11   YES  +1.046427e+00 +1.228107e-07 +4.923450e-01 2.1254    2.34e-19  
  5.196152   +1.525108e+00 +  +1.525108e+00 +  6.79e-14   3.19e-11   YES  +1.047553e+00 +7.279164e-08 +4.775546e-01 2.1936    2.13e-19  
  5.290659   +1.512629e+00 +  +1.512629e+00 +  6.24e-14   3.15e-11   YES  +1.048634e+00 +5.032710e-08 +4.639947e-01 2.2600    1.96e-19  
  5.385165   +1.500779e+00 +  +1.500779e+00 +  5.40e-14   3.10e-11   YES  +1.049708e+00 +4.405272e-08 +4.510707e-01 2.3271    1.80e-19  
  5.476465   +1.489888e+00 +  +1.489888e+00 +  5.51e-14   3.06e-11   YES  +1.050737e+00 +4.697635e-08 +4.391513e-01 2.3927    1.66e-19  
  5.567764   +1.479510e+00 +  +1.479510e+00 +  5.00e-14   3.03e-11   YES  +1.051756e+00 +5.410679e-08 +4.277543e-01 2.4588    1.54e-19  
  5.612309   +1.474623e+00 +  +1.474623e+00 +  4.46e-14   3.01e-11   YES  +1.052249e+00 +5.808930e-08 +4.223739e-01 2.4913    1.48e-19  
  5.656854   +1.469847e+00 +  +1.469847e+00 +  3.86e-14   2.99e-11   YES  +1.052740e+00 +6.200678e-08 +4.171068e-01 2.5239    1.43e-19  
  5.869808   +1.448450e+00 +  +1.448450e+00 +  3.29e-14   2.91e-11   YES  +1.055057e+00 +7.451978e-08 +3.933929e-01 2.6819    1.21e-19  
  6.082763   +1.429204e+00 +  +1.429204e+00 +  3.71e-14   2.83e-11   YES  +1.057333e+00 +7.231320e-08 +3.718711e-01 2.8433    1.03e-19  
  6.242943   +1.415987e+00 +  +1.415987e+00 +  3.29e-14   2.77e-11   YES  +1.059028e+00 +6.273258e-08 +3.569596e-01 2.9668    9.17e-20  
  6.403124   +1.403744e+00 +  +1.403744e+00 +  2.98e-14   2.72e-11   YES  +1.060711e+00 +4.949054e-08 +3.430324e-01 3.0922    8.21e-20  
  6.480281   +1.398167e+00 +  +1.398167e+00 +  2.93e-14   2.69e-11   YES  +1.061518e+00 +4.262981e-08 +3.366487e-01 3.1532    7.80e-20  
  6.557439   +1.392786e+00 +  +1.392786e+00 +  3.60e-14   2.67e-11   YES  +1.062322e+00 +3.584644e-08 +3.304638e-01 3.2146    7.42e-20  
  6.706547   +1.382909e+00 +  +1.382909e+00 +  3.42e-14   2.62e-11   YES  +1.063866e+00 +2.387544e-08 +3.190434e-01 3.3345    6.75e-20  
  6.855655   +1.373673e+00 +  +1.373673e+00 +  2.86e-14   2.57e-11   YES  +1.065396e+00 +1.445627e-08 +3.082772e-01 3.4560    6.15e-20  
  6.927827   +1.369417e+00 +  +1.369417e+00 +  2.64e-14   2.55e-11   YES  +1.066131e+00 +1.097784e-08 +3.032856e-01 3.5153    5.89e-20  
  7.000000   +1.365293e+00 +  +1.365293e+00 +  2.44e-14   2.53e-11   YES  +1.066863e+00 +8.181948e-09 +2.984296e-01 3.5749    5.65e-20  
  7.140055   +1.357649e+00 +  +1.357649e+00 +  2.33e-14   2.49e-11   YES  +1.068275e+00 +4.440686e-09 +2.893748e-01 3.6917    5.21e-20  
  7.280110   +1.350452e+00 +  +1.350452e+00 +  2.15e-14   2.45e-11   YES  +1.069675e+00 +2.361590e-09 +2.807771e-01 3.8097    4.81e-20  
  7.480628   +1.340863e+00 +  +1.340863e+00 +  1.78e-14   2.40e-11   YES  +1.071662e+00 +1.028442e-09 +2.692009e-01 3.9809    4.32e-20  
  7.681146   +1.332043e+00 +  +1.332043e+00 +  1.42e-14   2.35e-11   YES  +1.073630e+00 +5.731662e-10 +2.584136e-01 4.1547    3.89e-20  
  7.745698   +1.329355e+00 +  +1.329355e+00 +  1.38e-14   2.33e-11   YES  +1.074259e+00 +5.257108e-10 +2.550964e-01 4.2112    3.76e-20  
  7.810250   +1.326736e+00 +  +1.326736e+00 +  1.24e-14   2.32e-11   YES  +1.074885e+00 +5.222143e-10 +2.518510e-01 4.2679    3.64e-20  
  7.905125   +1.323009e+00 +  +1.323009e+00 +  1.22e-14   2.30e-11   YES  +1.075802e+00 +6.127403e-10 +2.472068e-01 4.3518    3.48e-20  
  8.000000   +1.319420e+00 +  +1.319420e+00 +  1.11e-14   2.27e-11   YES  +1.076714e+00 +8.582186e-10 +2.427065e-01 4.4363    3.32e-20  
  8.092676   +1.316042e+00 +  +1.316042e+00 +  9.55e-15   2.25e-11   YES  +1.077599e+00 +1.311984e-09 +2.384434e-01 4.5193    3.18e-20  
  8.185353   +1.312784e+00 +  +1.312784e+00 +  8.66e-15   2.23e-11   YES  +1.078478e+00 +2.056155e-09 +2.343060e-01 4.6029    3.04e-20  
  8.305751   +1.308723e+00 +  +1.308723e+00 +  9.77e-15   2.20e-11   YES  +1.079613e+00 +3.594809e-09 +2.291103e-01 4.7122    2.88e-20  
  8.426150   +1.304845e+00 +  +1.304845e+00 +  6.22e-15   2.18e-11   YES  +1.080738e+00 +5.933573e-09 +2.241073e-01 4.8224    2.73e-20  
  8.485077   +1.303011e+00 +  +1.303011e+00 +  6.00e-15   2.17e-11   YES  +1.081285e+00 +7.408290e-09 +2.217258e-01 4.8767    2.66e-20  
  8.544004   +1.301218e+00 +  +1.301218e+00 +  7.11e-15   2.15e-11   YES  +1.081831e+00 +9.112139e-09 +2.193869e-01 4.9312    2.59e-20  
  8.716099   +1.296202e+00 +  +1.296202e+00 +  6.44e-15   2.12e-11   YES  +1.083412e+00 +1.541172e-08 +2.127901e-01 5.0915    2.40e-20  
  8.888194   +1.291501e+00 +  +1.291501e+00 +  8.22e-15   2.09e-11   YES  +1.084979e+00 +2.353195e-08 +2.065220e-01 5.2536    2.24e-20  
  8.944097   +1.290037e+00 +  +1.290037e+00 +  6.22e-15   2.07e-11   YES  +1.085485e+00 +2.649583e-08 +2.045528e-01 5.3066    2.19e-20  
  9.000000   +1.288604e+00 +  +1.288604e+00 +  7.33e-15   2.06e-11   YES  +1.085989e+00 +2.958791e-08 +2.026150e-01 5.3599    2.14e-20  
  9.055217   +1.287217e+00 +  +1.287217e+00 +  9.77e-15   2.05e-11   YES  +1.086486e+00 +3.274707e-08 +2.007312e-01 5.4126    2.09e-20  
  9.110434   +1.285858e+00 +  +1.285858e+00 +  7.55e-15   2.04e-11   YES  +1.086982e+00 +3.598905e-08 +1.988767e-01 5.4656    2.04e-20  
  9.272207   +1.282033e+00 +  +1.282033e+00 +  6.00e-15   2.01e-11   YES  +1.088426e+00 +4.575321e-08 +1.936062e-01 5.6219    1.92e-20  
  9.433981   +1.278427e+00 +  +1.278427e+00 +  6.22e-15   1.99e-11   YES  +1.089861e+00 +5.546698e-08 +1.885664e-01 5.7797    1.80e-20  
  9.641419   +1.274103e+00 +  +1.274103e+00 +  7.11e-15   1.95e-11   YES  +1.091684e+00 +6.692729e-08 +1.824187e-01 5.9845    1.67e-20  
  9.848858   +1.270089e+00 +  +1.270089e+00 +  8.66e-15   1.92e-11   YES  +1.093490e+00 +7.618264e-08 +1.765995e-01 6.1919    1.55e-20  
  9.949367   +1.268248e+00 +  +1.268248e+00 +  7.99e-15   1.90e-11   YES  +1.094358e+00 +7.956676e-08 +1.738907e-01 6.2934    1.49e-20  
  10.049876  +1.266472e+00 +  +1.266472e+00 +  1.02e-14   1.88e-11   YES  +1.095221e+00 +8.211379e-08 +1.712505e-01 6.3954    1.44e-20  
  10.099384  +1.265620e+00 +  +1.265620e+00 +  8.66e-15   1.88e-11   YES  +1.095645e+00 +8.304356e-08 +1.699745e-01 6.4459    1.42e-20  
  10.148892  +1.264783e+00 +  +1.264783e+00 +  6.66e-15   1.87e-11   YES  +1.096068e+00 +8.375384e-08 +1.687143e-01 6.4966    1.40e-20  
  10.246486  +1.263174e+00 +  +1.263174e+00 +  7.11e-15   1.85e-11   YES  +1.096899e+00 +8.450816e-08 +1.662753e-01 6.5969    1.35e-20  
  10.344080  +1.261620e+00 +  +1.261620e+00 +  8.66e-15   1.84e-11   YES  +1.097725e+00 +8.441949e-08 +1.638944e-01 6.6978    1.31e-20  
  10.392193  +1.260873e+00 +  +1.260873e+00 +  9.55e-15   1.83e-11   YES  +1.098131e+00 +8.407717e-08 +1.627414e-01 6.7477    1.29e-20  
  10.440307  +1.260138e+00 +  +1.260138e+00 +  7.77e-15   1.82e-11   YES  +1.098536e+00 +8.354688e-08 +1.616019e-01 6.7978    1.27e-20  
  10.535226  +1.258725e+00 +  +1.258725e+00 +  5.11e-15   1.81e-11   YES  +1.099333e+00 +8.198336e-08 +1.593923e-01 6.8970    1.23e-20  
  10.630146  +1.257358e+00 +  +1.257358e+00 +  8.44e-15   1.80e-11   YES  +1.100126e+00 +7.979838e-08 +1.572325e-01 6.9968    1.19e-20  
  10.815073  +1.254823e+00 +  +1.254823e+00 +  8.44e-15   1.77e-11   YES  +1.101661e+00 +7.408631e-08 +1.531613e-01 7.1928    1.12e-20  
  11.000000  +1.252446e+00 +  +1.252446e+00 +  6.88e-15   1.75e-11   YES  +1.103184e+00 +6.700552e-08 +1.492618e-01 7.3909    1.06e-20  
  11.090170  +1.251342e+00 +  +1.251342e+00 +  4.22e-15   1.73e-11   YES  +1.103922e+00 +6.324360e-08 +1.474194e-01 7.4883    1.03e-20  
  11.180340  +1.250272e+00 +  +1.250272e+00 +  3.11e-15   1.72e-11   YES  +1.104658e+00 +5.936535e-08 +1.456143e-01 7.5862    1.01e-20  
  11.224884  +1.249756e+00 +  +1.249756e+00 +  5.11e-15   1.72e-11   YES  +1.105020e+00 +5.742409e-08 +1.447359e-01 7.6347    9.93e-21  
  11.269428  +1.249248e+00 +  +1.249248e+00 +  3.11e-15   1.71e-11   YES  +1.105381e+00 +5.547454e-08 +1.438663e-01 7.6834    9.80e-21  
  11.291568  +1.248998e+00 +  +1.248998e+00 +  3.33e-15   1.71e-11   YES  +1.105561e+00 +5.450428e-08 +1.434372e-01 7.7076    9.73e-21  
  11.313708  +1.248750e+00 +  +1.248750e+00 +  6.44e-15   1.71e-11   YES  +1.105740e+00 +5.353414e-08 +1.430102e-01 7.7319    9.67e-21  
  11.379616  +1.248024e+00 +  +1.248024e+00 +  5.33e-15   1.70e-11   YES  +1.106273e+00 +5.065343e-08 +1.417515e-01 7.8043    9.49e-21  
  11.445523  +1.247315e+00 +  +1.247315e+00 +  4.66e-15   1.69e-11   YES  +1.106804e+00 +4.779640e-08 +1.405109e-01 7.8770    9.31e-21  
  11.575112  +1.245966e+00 +  +1.245966e+00 +  2.66e-15   1.67e-11   YES  +1.107843e+00 +4.230551e-08 +1.381228e-01 8.0207    8.97e-21  
  11.704700  +1.244677e+00 +  +1.244677e+00 +  1.55e-15   1.66e-11   YES  +1.108877e+00 +3.706390e-08 +1.358004e-01 8.1655    8.65e-21  
  11.747263  +1.244267e+00 +  +1.244267e+00 +  3.33e-15   1.65e-11   YES  +1.109215e+00 +3.541059e-08 +1.350516e-01 8.2133    8.55e-21  
  11.789826  +1.243862e+00 +  +1.243862e+00 +  2.89e-15   1.65e-11   YES  +1.109553e+00 +3.379507e-08 +1.343094e-01 8.2612    8.45e-21  
  11.998191  +1.241965e+00 +  +1.241965e+00 +  3.77e-15   1.62e-11   YES  +1.111195e+00 +2.649083e-08 +1.307704e-01 8.4973    7.99e-21  
  12.206556  +1.240202e+00 +  +1.240202e+00 +  2.00e-15   1.60e-11   YES  +1.112822e+00 +2.028268e-08 +1.273807e-01 8.7362    7.56e-21  
  12.247381  +1.239872e+00 +  +1.239872e+00 +  2.22e-15   1.60e-11   YES  +1.113138e+00 +1.919890e-08 +1.267332e-01 8.7833    7.48e-21  
  12.288206  +1.239546e+00 +  +1.239546e+00 +  4.00e-15   1.59e-11   YES  +1.113455e+00 +1.815821e-08 +1.260911e-01 8.8306    7.40e-21  
  12.409085  +1.238608e+00 +  +1.238608e+00 +  4.44e-16   1.58e-11   YES  +1.114388e+00 +1.532465e-08 +1.242204e-01 8.9711    7.17e-21  
  12.529964  +1.237710e+00 +  +1.237710e+00 +  3.33e-15   1.56e-11   YES  +1.115315e+00 +1.284704e-08 +1.223942e-01 9.1125    6.95e-21  
  12.648555  +1.236865e+00 +  +1.236865e+00 +  2.44e-15   1.55e-11   YES  +1.116221e+00 +1.073901e-08 +1.206444e-01 9.2522    6.75e-21  
  12.767145  +1.236056e+00 +  +1.236056e+00 +  2.44e-15   1.54e-11   YES  +1.117121e+00 +8.923700e-09 +1.189345e-01 9.3927    6.56e-21  
  12.844997  +1.235543e+00 +  +1.235543e+00 +  6.66e-16   1.53e-11   YES  +1.117710e+00 +7.877399e-09 +1.178331e-01 9.4855    6.43e-21  
  12.922848  +1.235045e+00 +  +1.235045e+00 +  4.22e-15   1.52e-11   YES  +1.118297e+00 +6.936694e-09 +1.167481e-01 9.5787    6.31e-21  
  12.961424  +1.234804e+00 +  +1.234804e+00 +  1.33e-15   1.52e-11   YES  +1.118587e+00 +6.507183e-09 +1.162163e-01 9.6250    6.25e-21  
  13.000000  +1.234565e+00 +  +1.234565e+00 +  0.00e+00   1.52e-11   YES  +1.118877e+00 +6.100631e-09 +1.156885e-01 9.6715    6.20e-21  
  13.076473  +1.234103e+00 +  +1.234103e+00 +  2.44e-15   1.51e-11   YES  +1.119450e+00 +5.358828e-09 +1.146533e-01 9.7638    6.08e-21  
  13.152946  +1.233654e+00 +  +1.233654e+00 +  3.33e-15   1.50e-11   YES  +1.120021e+00 +4.696315e-09 +1.136329e-01 9.8565    5.97e-21  
  13.266017  +1.233013e+00 +  +1.233013e+00 +  4.44e-16   1.49e-11   YES  +1.120862e+00 +3.847542e-09 +1.121506e-01 9.9943    5.82e-21  
  13.379088  +1.232399e+00 +  +1.232399e+00 +  2.22e-15   1.48e-11   YES  +1.121700e+00 +3.136529e-09 +1.106988e-01 10.1329   5.67e-21  
  13.416356  +1.232203e+00 +  +1.232203e+00 +  1.55e-15   1.48e-11   YES  +1.121976e+00 +2.929124e-09 +1.102269e-01 10.1788   5.62e-21  
  13.453624  +1.232009e+00 +  +1.232009e+00 +  1.11e-15   1.47e-11   YES  +1.122251e+00 +2.734009e-09 +1.097581e-01 10.2248   5.57e-21  
  13.636950  +1.231095e+00 +  +1.231095e+00 +  2.22e-16   1.45e-11   YES  +1.123598e+00 +1.933624e-09 +1.074977e-01 10.4523   5.34e-21  
  13.820275  +1.230246e+00 +  +1.230246e+00 +  4.44e-15   1.44e-11   YES  +1.124936e+00 +1.352652e-09 +1.053102e-01 10.6821   5.13e-21  
  13.856359  +1.230086e+00 +  +1.230086e+00 +  4.22e-15   1.43e-11   YES  +1.125198e+00 +1.259366e-09 +1.048879e-01 10.7276   5.09e-21  
  13.892444  +1.229928e+00 +  +1.229928e+00 +  2.66e-15   1.43e-11   YES  +1.125460e+00 +1.172122e-09 +1.044682e-01 10.7732   5.05e-21  
  13.964056  +1.229622e+00 +  +1.229622e+00 +  3.33e-15   1.43e-11   YES  +1.125979e+00 +1.015527e-09 +1.036433e-01 10.8640   4.97e-21  
  14.035669  +1.229325e+00 +  +1.229325e+00 +  4.00e-15   1.42e-11   YES  +1.126496e+00 +8.788332e-10 +1.028285e-01 10.9551   4.89e-21  
  14.071202  +1.229180e+00 +  +1.229180e+00 +  4.00e-15   1.42e-11   YES  +1.126752e+00 +8.176633e-10 +1.024280e-01 11.0004   4.86e-21  
  14.106736  +1.229038e+00 +  +1.229038e+00 +  4.66e-15   1.41e-11   YES  +1.127008e+00 +7.605474e-10 +1.020299e-01 11.0459   4.82e-21  
  ### VERIFIED-EST 119 of 119 ; margin negative (decided) NONE ; positive 119 ; undecided NONE
  ### P - PR + A negative (decided, verified) : NONE ; undecided NONE
  ### the pair (OFF-LINE) negative at : NONE ; share max 11.0459 at a = 14.106735979665885 ; share above 0.50 at : [2.4, 2.8, 3.0, 3.158312, 3.316625, 3.461088, 3.605551, 3.802776, 4.0, 4.061553, 4.123106, 4.241002, 4.358899, 4.577365, 4.795832, 4.897916, 5.0, 5.098076, 5.196152, 5.290659, 5.385165, 5.476465, 5.567764, 5.612309, 5.656854, 5.8698083898953, 6.082762530298219, 6.2429433838655335, 6.4031242374328485, 6.4802813808674244, 6.557438524302, 6.706546562351522, 6.855654600401044, 6.927827300200522, 7.0, 7.140054944640259, 7.280109889280518, 7.480627818574563, 7.681145747868608, 7.745697711887631, 7.810249675906654, 7.905124837953327, 8.0, 8.092676385936226, 8.18535277187245, 8.305751272524404, 8.426149773176359, 8.485076759246944, 8.54400374531753, 8.71609908131656, 8.888194417315589, 8.944097208657794, 9.0, 9.05521678957215, 9.1104335791443, 9.27220735560045, 9.433981132056603, 9.641419466926354, 9.848857801796104, 9.949366711458497, 10.04987562112089, 10.099383593106555, 10.14889156509222, 10.246485998940411, 10.344080432788601, 10.392193470849577, 10.44030650891055, 10.5352261608226, 10.63014581273465, 10.815072906367325, 11.0, 11.090169943749475, 11.180339887498949, 11.224883778541797, 11.269427669584644, 11.291568084284702, 11.313708498984761, 11.37961582062218, 11.445523142259598, 11.57511152648961, 11.704699910719626, 11.74726301663561, 11.789826122551595, 11.998190869142649, 12.206555615733702, 12.247380671589106, 12.288205727444508, 12.409084906793087, 12.529964086141668, 12.648554710472686, 12.767145334803704, 12.844996659061895, 12.922847983320086, 12.961423991660043, 13.0, 13.076473218982953, 13.152946437965905, 13.266017299112779, 13.379088160259652, 13.416356103666681, 13.45362404707371, 13.636949504079482, 13.820274961085254, 13.856359475267528, 13.892443989449804, 13.964056418534001, 14.035668847618199, 14.071202413642041, 14.106735979665885]
  ### cells whose u > 1200 shortfall ESTIMATE exceeds B : NONE

### COMPONENT 2 -- XI. ### VERIFIED-EST iff |r| <= B ; signs decided beyond B ; the u > 1200 shortfall an ESTIMATE outside B.
  a          m = A - PR    s  P - PR + A    s  |r|        B          VER  pair          others        on-line       share     shortfall 
  1.300000   +7.860985e-01 +  +1.400083e+00 +  3.63e-12   3.60e-12   no   +5.744664e-01 +0.000000e+00 +8.256170e-01 0.6958    1.99e-13  
  1.350000   +7.541575e-01 +  +1.174016e+00 +  1.28e-12   1.27e-12   no   +5.264350e-01 +0.000000e+00 +6.475813e-01 0.8129    6.79e-14  
  1.410000   +7.589739e-01 +  +1.010122e+00 +  5.36e-13   5.36e-13   no   +5.052868e-01 +0.000000e+00 +5.048348e-01 1.0009    2.30e-14  
  1.500000   +7.585631e-01 +  +8.621204e-01 +  1.74e-13   1.75e-13   YES  +5.000818e-01 +0.000000e+00 +3.620386e-01 1.3813    6.11e-15  
  1.700000   +6.774354e-01 +  +6.860978e-01 +  1.72e-14   1.98e-14   YES  +5.005402e-01 +0.000000e+00 +1.855576e-01 2.6975    7.11e-16  
  1.900000   +5.984212e-01 +  +5.987191e-01 +  2.78e-15   4.14e-15   YES  +5.022213e-01 +0.000000e+00 +9.649784e-02 5.2045    1.55e-16  
  1.990000   +5.738379e-01 +  +5.738797e-01 +  1.33e-15   3.49e-15   YES  +5.017092e-01 +0.000000e+00 +7.217050e-02 6.9517    8.88e-17  
  2.000000   +5.714654e-01 +  +5.714982e-01 +  1.33e-15   3.42e-15   YES  +5.016207e-01 +0.000000e+00 +6.987758e-02 7.1786    8.38e-17  
  2.010000   +5.691602e-01 +  +5.691858e-01 +  1.67e-15   3.00e-15   YES  +5.015295e-01 +0.000000e+00 +6.765629e-02 7.4129    7.91e-17  
  2.100000   +5.512509e-01 +  +5.512528e-01 +  1.33e-15   2.43e-15   YES  +5.007314e-01 +0.000000e+00 +5.052137e-02 9.9113    4.86e-17  
  2.400000   +5.185351e-01 +  +5.185351e-01 +  0.00e+00   1.62e-15   YES  +5.000001e-01 +0.000000e+00 +1.853506e-02 26.9759   1.29e-17  
  2.800000   +5.045267e-01 +  +5.045268e-01 +  0.00e+00   1.14e-15   YES  +5.001759e-01 +0.000000e+00 +4.350993e-03 114.9567  3.54e-18  
  3.000000   +5.022781e-01 +  +5.022797e-01 +  0.00e+00   1.74e-15   YES  +5.002708e-01 +0.000000e+00 +2.008897e-03 249.0276  2.10e-18  
  3.158312   +5.012563e-01 +  +5.012608e-01 +  2.22e-16   1.67e-15   YES  +5.001969e-01 +0.000000e+00 +1.063931e-03 470.1403  1.46e-18  
  3.316625   +5.006286e-01 +  +5.006367e-01 +  0.00e+00   1.02e-15   YES  +5.000853e-01 +0.000000e+00 +5.514629e-04 906.8339  1.05e-18  
  3.461088   +5.003084e-01 +  +5.003188e-01 +  3.33e-16   1.07e-15   YES  +5.000226e-01 +0.000000e+00 +2.962132e-04 1688.0499 7.91e-19  
  3.605551   +5.001466e-01 +  +5.001575e-01 +  3.33e-16   1.29e-15   YES  +5.000023e-01 +0.000000e+00 +1.551578e-04 3222.5404 6.10e-19  
  3.802776   +5.000526e-01 +  +5.000614e-01 +  5.55e-16   1.40e-15   YES  +5.000000e-01 +0.000000e+00 +6.142562e-05 8139.9254 4.41e-19  
  4.000000   +5.000196e-01 +  +5.000251e-01 +  2.22e-16   1.99e-15   YES  +5.000019e-01 +0.000000e+00 +2.322017e-05 21533.0818 3.27e-19  
  4.061553   +5.000173e-01 +  +5.000218e-01 +  6.66e-16   1.85e-15   YES  +5.000047e-01 +0.000000e+00 +1.702802e-05 29363.6466 3.00e-19  
  4.123106   +5.000183e-01 +  +5.000218e-01 +  1.11e-16   1.21e-15   YES  +5.000094e-01 +0.000000e+00 +1.248304e-05 40055.1098 2.75e-19  
  4.241002   +5.000279e-01 +  +5.000300e-01 +  3.33e-16   1.21e-15   YES  +5.000231e-01 +0.000000e+00 +6.979073e-06 71646.0558 2.35e-19  
  4.358899   +5.000435e-01 +  +5.000447e-01 +  7.77e-16   1.58e-15   YES  +5.000406e-01 +0.000000e+00 +4.140998e-06 120753.6393 2.02e-19  
  4.577365   +5.000683e-01 +  +5.000686e-01 +  1.11e-16   1.50e-15   YES  +5.000663e-01 +0.000000e+00 +2.326785e-06 214917.3214 1.56e-19  
  4.795832   +5.000676e-01 +  +5.000676e-01 +  5.55e-16   1.08e-15   YES  +5.000654e-01 +0.000000e+00 +2.222606e-06 224990.5887 1.22e-19  
  4.897916   +5.000587e-01 +  +5.000587e-01 +  6.66e-16   1.47e-15   YES  +5.000564e-01 +0.000000e+00 +2.326196e-06 214967.4047 1.10e-19  
  5.000000   +5.000469e-01 +  +5.000469e-01 +  1.11e-16   1.42e-15   YES  +5.000445e-01 +0.000000e+00 +2.430344e-06 205750.4839 9.92e-20  
  5.098076   +5.000351e-01 +  +5.000351e-01 +  4.44e-16   1.03e-15   YES  +5.000326e-01 +0.000000e+00 +2.500824e-06 199947.1615 9.01e-20  
  5.196152   +5.000243e-01 +  +5.000243e-01 +  6.66e-16   1.59e-15   YES  +5.000218e-01 +0.000000e+00 +2.528864e-06 197725.8844 8.21e-20  
  5.290659   +5.000159e-01 +  +5.000159e-01 +  8.88e-16   1.81e-15   YES  +5.000134e-01 +0.000000e+00 +2.512297e-06 199026.3737 7.53e-20  
  5.385165   +5.000098e-01 +  +5.000098e-01 +  1.11e-16   1.29e-15   YES  +5.000073e-01 +0.000000e+00 +2.454561e-06 203705.3667 6.92e-20  
  5.476465   +5.000059e-01 +  +5.000059e-01 +  3.33e-16   1.43e-15   YES  +5.000035e-01 +0.000000e+00 +2.363632e-06 211540.3953 6.39e-20  
  5.567764   +5.000037e-01 +  +5.000037e-01 +  7.77e-16   1.43e-15   YES  +5.000014e-01 +0.000000e+00 +2.243305e-06 222886.0264 5.91e-20  
  5.612309   +5.000030e-01 +  +5.000030e-01 +  9.99e-16   1.84e-15   YES  +5.000008e-01 +0.000000e+00 +2.175680e-06 229813.5902 5.70e-20  
  5.656854   +5.000025e-01 +  +5.000025e-01 +  1.55e-15   1.93e-15   YES  +5.000004e-01 +0.000000e+00 +2.103186e-06 237734.7455 5.49e-20  
  5.869808   +5.000017e-01 +  +5.000017e-01 +  8.88e-16   2.13e-15   YES  +5.000000e-01 +0.000000e+00 +1.712920e-06 291899.2272 4.64e-20  
  6.082763   +5.000014e-01 +  +5.000014e-01 +  8.88e-16   1.60e-15   YES  +5.000001e-01 +0.000000e+00 +1.307249e-06 382482.7409 3.96e-20  
  6.242943   +5.000017e-01 +  +5.000017e-01 +  6.66e-16   1.94e-15   YES  +5.000007e-01 +0.000000e+00 +1.028032e-06 486366.8754 3.53e-20  
  6.403124   +5.000034e-01 +  +5.000034e-01 +  6.66e-16   1.85e-15   YES  +5.000026e-01 +0.000000e+00 +7.861311e-07 636029.5533 3.16e-20  
  6.480281   +5.000049e-01 +  +5.000049e-01 +  2.22e-16   1.91e-15   YES  +5.000042e-01 +0.000000e+00 +6.843676e-07 730607.5971 3.00e-20  
  6.557439   +5.000068e-01 +  +5.000068e-01 +  6.66e-16   1.36e-15   YES  +5.000062e-01 +0.000000e+00 +5.922188e-07 844293.0034 2.85e-20  
  6.706547   +5.000113e-01 +  +5.000113e-01 +  5.55e-16   1.30e-15   YES  +5.000109e-01 +0.000000e+00 +4.402568e-07 1135725.5913 2.60e-20  
  6.855655   +5.000164e-01 +  +5.000164e-01 +  3.33e-16   1.22e-15   YES  +5.000161e-01 +0.000000e+00 +3.198739e-07 1563166.2413 2.37e-20  
  6.927827   +5.000188e-01 +  +5.000188e-01 +  0.00e+00   1.50e-15   YES  +5.000185e-01 +0.000000e+00 +2.717572e-07 1839945.4964 2.27e-20  
  7.000000   +5.000209e-01 +  +5.000209e-01 +  2.22e-16   1.03e-15   YES  +5.000206e-01 +0.000000e+00 +2.296111e-07 2177685.0402 2.17e-20  
  7.140055   +5.000239e-01 +  +5.000240e-01 +  4.44e-16   1.06e-15   YES  +5.000238e-01 +0.000000e+00 +1.630575e-07 3066549.2442 2.00e-20  
  7.280110   +5.000253e-01 +  +5.000253e-01 +  1.11e-16   1.45e-15   YES  +5.000252e-01 +0.000000e+00 +1.137602e-07 4395433.4054 1.85e-20  
  7.480628   +5.000241e-01 +  +5.000242e-01 +  2.22e-16   1.98e-15   YES  +5.000241e-01 +0.000000e+00 +6.699631e-08 7463456.9962 1.66e-20  
  7.681146   +5.000200e-01 +  +5.000200e-01 +  4.44e-16   1.62e-15   YES  +5.000200e-01 +0.000000e+00 +4.140600e-08 12076027.9362 1.50e-20  
  7.745698   +5.000182e-01 +  +5.000183e-01 +  0.00e+00   1.56e-15   YES  +5.000183e-01 +0.000000e+00 +3.670452e-08 13622797.3171 1.45e-20  
  7.810250   +5.000164e-01 +  +5.000165e-01 +  0.00e+00   1.23e-15   YES  +5.000165e-01 +0.000000e+00 +3.348540e-08 14932370.0514 1.40e-20  
  7.905125   +5.000137e-01 +  +5.000138e-01 +  3.33e-16   1.51e-15   YES  +5.000137e-01 +0.000000e+00 +3.123588e-08 16007674.2425 1.34e-20  
  8.000000   +5.000110e-01 +  +5.000111e-01 +  3.33e-16   1.26e-15   YES  +5.000111e-01 +0.000000e+00 +3.173650e-08 15755081.1503 1.28e-20  
  8.092676   +5.000086e-01 +  +5.000087e-01 +  5.55e-16   1.65e-15   YES  +5.000087e-01 +0.000000e+00 +3.474097e-08 14392479.8606 1.22e-20  
  8.185353   +5.000064e-01 +  +5.000066e-01 +  7.77e-16   1.32e-15   YES  +5.000065e-01 +0.000000e+00 +4.016196e-08 12449755.8092 1.17e-20  
  8.305751   +5.000042e-01 +  +5.000043e-01 +  8.88e-16   1.85e-15   YES  +5.000042e-01 +0.000000e+00 +5.078893e-08 9844749.4459 1.11e-20  
  8.426150   +5.000024e-01 +  +5.000026e-01 +  1.22e-15   1.38e-15   YES  +5.000025e-01 +0.000000e+00 +6.551975e-08 7631325.7473 1.05e-20  
  8.485077   +5.000018e-01 +  +5.000020e-01 +  1.22e-15   1.79e-15   YES  +5.000019e-01 +0.000000e+00 +7.426091e-08 6733043.3640 1.02e-20  
  8.544004   +5.000013e-01 +  +5.000015e-01 +  6.66e-16   1.46e-15   YES  +5.000014e-01 +0.000000e+00 +8.403356e-08 5950020.0631 9.96e-21  
  8.716099   +5.000004e-01 +  +5.000006e-01 +  4.44e-16   2.57e-15   YES  +5.000004e-01 +0.000000e+00 +1.186891e-07 4212689.5365 9.25e-21  
  8.888194   +5.000001e-01 +  +5.000002e-01 +  1.33e-15   1.66e-15   YES  +5.000001e-01 +0.000000e+00 +1.629286e-07 3068829.4456 8.60e-21  
  8.944097   +5.000000e-01 +  +5.000002e-01 +  5.55e-16   2.24e-15   YES  +5.000000e-01 +0.000000e+00 +1.794618e-07 2786109.2434 8.41e-21  
  9.000000   +5.000000e-01 +  +5.000002e-01 +  9.99e-16   1.74e-15   YES  +5.000000e-01 +0.000000e+00 +1.970862e-07 2536960.7062 8.22e-21  
  9.055217   +5.000000e-01 +  +5.000002e-01 +  9.99e-16   1.69e-15   YES  +5.000000e-01 +0.000000e+00 +2.155801e-07 2319323.4807 8.04e-21  
  9.110434   +5.000000e-01 +  +5.000002e-01 +  8.88e-16   1.83e-15   YES  +5.000000e-01 +0.000000e+00 +2.351641e-07 2126174.8440 7.86e-21  
  9.272207   +5.000001e-01 +  +5.000003e-01 +  9.99e-16   2.22e-15   YES  +5.000000e-01 +0.000000e+00 +2.988697e-07 1672969.8175 7.38e-21  
  9.433981   +5.000002e-01 +  +5.000004e-01 +  1.22e-15   1.80e-15   YES  +5.000000e-01 +0.000000e+00 +3.719555e-07 1344246.6684 6.94e-21  
  9.641419   +5.000005e-01 +  +5.000006e-01 +  8.88e-16   2.19e-15   YES  +5.000001e-01 +0.000000e+00 +4.787854e-07 1044309.4568 6.42e-21  
  9.848858   +5.000011e-01 +  +5.000012e-01 +  8.88e-16   1.64e-15   YES  +5.000006e-01 +0.000000e+00 +5.988880e-07 834881.6163 5.96e-21  
  9.949367   +5.000015e-01 +  +5.000016e-01 +  8.88e-16   2.03e-15   YES  +5.000009e-01 +0.000000e+00 +6.612188e-07 756180.7132 5.75e-21  
  10.049876  +5.000021e-01 +  +5.000022e-01 +  2.22e-16   2.45e-15   YES  +5.000014e-01 +0.000000e+00 +7.258725e-07 688828.1685 5.55e-21  
  10.099384  +5.000024e-01 +  +5.000025e-01 +  3.33e-16   1.89e-15   YES  +5.000017e-01 +0.000000e+00 +7.584834e-07 659212.4726 5.46e-21  
  10.148892  +5.000028e-01 +  +5.000029e-01 +  6.66e-16   2.42e-15   YES  +5.000021e-01 +0.000000e+00 +7.915511e-07 631673.7306 5.37e-21  
  10.246486  +5.000036e-01 +  +5.000037e-01 +  9.99e-16   1.86e-15   YES  +5.000028e-01 +0.000000e+00 +8.579377e-07 582796.1279 5.20e-21  
  10.344080  +5.000045e-01 +  +5.000045e-01 +  6.66e-16   1.42e-15   YES  +5.000036e-01 +0.000000e+00 +9.256933e-07 540139.6027 5.03e-21  
  10.392193  +5.000050e-01 +  +5.000050e-01 +  8.88e-16   1.75e-15   YES  +5.000041e-01 +0.000000e+00 +9.595192e-07 521098.5349 4.95e-21  
  10.440307  +5.000055e-01 +  +5.000055e-01 +  8.88e-16   1.37e-15   YES  +5.000045e-01 +0.000000e+00 +9.935829e-07 503233.8118 4.87e-21  
  10.535226  +5.000065e-01 +  +5.000065e-01 +  2.22e-16   1.84e-15   YES  +5.000054e-01 +0.000000e+00 +1.061365e-06 471096.7404 4.72e-21  
  10.630146  +5.000075e-01 +  +5.000075e-01 +  7.77e-16   1.34e-15   YES  +5.000064e-01 +0.000000e+00 +1.129724e-06 442591.5541 4.58e-21  
  10.815073  +5.000094e-01 +  +5.000094e-01 +  1.11e-15   1.65e-15   YES  +5.000082e-01 +0.000000e+00 +1.263720e-06 395663.8532 4.32e-21  
  11.000000  +5.000111e-01 +  +5.000111e-01 +  2.22e-16   1.68e-15   YES  +5.000097e-01 +0.000000e+00 +1.397429e-06 357806.8303 4.09e-21  
  11.090170  +5.000117e-01 +  +5.000117e-01 +  0.00e+00   1.65e-15   YES  +5.000103e-01 +0.000000e+00 +1.462035e-06 341996.1998 3.98e-21  
  11.180340  +5.000123e-01 +  +5.000123e-01 +  7.77e-16   1.18e-15   YES  +5.000107e-01 +0.000000e+00 +1.525998e-06 327661.5459 3.87e-21  
  11.224884  +5.000125e-01 +  +5.000125e-01 +  1.11e-16   1.23e-15   YES  +5.000109e-01 +0.000000e+00 +1.557300e-06 321075.5314 3.82e-21  
  11.269428  +5.000126e-01 +  +5.000126e-01 +  5.55e-16   1.32e-15   YES  +5.000111e-01 +0.000000e+00 +1.588376e-06 314793.8381 3.77e-21  
  11.291568  +5.000127e-01 +  +5.000127e-01 +  1.11e-16   1.26e-15   YES  +5.000111e-01 +0.000000e+00 +1.603731e-06 311779.8318 3.75e-21  
  11.313708  +5.000128e-01 +  +5.000128e-01 +  1.11e-16   1.23e-15   YES  +5.000112e-01 +0.000000e+00 +1.619022e-06 308835.2575 3.72e-21  
  11.379616  +5.000129e-01 +  +5.000129e-01 +  1.11e-16   1.18e-15   YES  +5.000113e-01 +0.000000e+00 +1.664132e-06 300463.7491 3.65e-21  
  11.445523  +5.000130e-01 +  +5.000130e-01 +  4.44e-16   1.26e-15   YES  +5.000113e-01 +0.000000e+00 +1.708573e-06 292648.4784 3.58e-21  
  11.575112  +5.000129e-01 +  +5.000129e-01 +  1.11e-16   1.21e-15   YES  +5.000111e-01 +0.000000e+00 +1.793727e-06 278755.3572 3.45e-21  
  11.704700  +5.000126e-01 +  +5.000126e-01 +  3.33e-16   1.68e-15   YES  +5.000107e-01 +0.000000e+00 +1.875486e-06 266603.2503 3.33e-21  
  11.747263  +5.000124e-01 +  +5.000124e-01 +  1.11e-16   1.18e-15   YES  +5.000105e-01 +0.000000e+00 +1.901513e-06 262954.0122 3.29e-21  
  11.789826  +5.000122e-01 +  +5.000122e-01 +  4.44e-16   1.38e-15   YES  +5.000103e-01 +0.000000e+00 +1.927103e-06 259462.1600 3.25e-21  
  11.998191  +5.000110e-01 +  +5.000110e-01 +  1.11e-15   1.24e-15   YES  +5.000090e-01 +0.000000e+00 +2.045556e-06 244436.6744 3.07e-21  
  12.206556  +5.000095e-01 +  +5.000095e-01 +  5.55e-16   1.27e-15   YES  +5.000073e-01 +0.000000e+00 +2.151537e-06 232395.3548 2.91e-21  
  12.247381  +5.000092e-01 +  +5.000092e-01 +  4.44e-16   1.38e-15   YES  +5.000070e-01 +0.000000e+00 +2.170730e-06 230340.4335 2.88e-21  
  12.288206  +5.000088e-01 +  +5.000088e-01 +  4.44e-16   1.77e-15   YES  +5.000066e-01 +0.000000e+00 +2.189390e-06 228377.1421 2.85e-21  
  12.409085  +5.000079e-01 +  +5.000079e-01 +  7.77e-16   1.38e-15   YES  +5.000057e-01 +0.000000e+00 +2.241454e-06 223071.9674 2.76e-21  
  12.529964  +5.000070e-01 +  +5.000070e-01 +  3.33e-16   1.46e-15   YES  +5.000047e-01 +0.000000e+00 +2.288661e-06 218470.4298 2.68e-21  
  12.648555  +5.000062e-01 +  +5.000062e-01 +  6.66e-16   1.52e-15   YES  +5.000038e-01 +0.000000e+00 +2.330169e-06 214578.3503 2.60e-21  
  12.767145  +5.000054e-01 +  +5.000054e-01 +  5.55e-16   1.97e-15   YES  +5.000030e-01 +0.000000e+00 +2.366874e-06 211250.3423 2.52e-21  
  12.844997  +5.000050e-01 +  +5.000050e-01 +  7.77e-16   1.91e-15   YES  +5.000026e-01 +0.000000e+00 +2.388352e-06 209350.4614 2.47e-21  
  12.922848  +5.000046e-01 +  +5.000046e-01 +  5.55e-16   1.52e-15   YES  +5.000021e-01 +0.000000e+00 +2.407756e-06 207663.1093 2.43e-21  
  12.961424  +5.000044e-01 +  +5.000044e-01 +  4.44e-16   2.05e-15   YES  +5.000019e-01 +0.000000e+00 +2.416605e-06 206902.6293 2.41e-21  
  13.000000  +5.000042e-01 +  +5.000042e-01 +  9.99e-16   1.66e-15   YES  +5.000018e-01 +0.000000e+00 +2.424948e-06 206190.7339 2.38e-21  
  13.076473  +5.000039e-01 +  +5.000039e-01 +  2.22e-16   1.69e-15   YES  +5.000014e-01 +0.000000e+00 +2.439996e-06 204918.9840 2.34e-21  
  13.152946  +5.000036e-01 +  +5.000036e-01 +  6.66e-16   2.27e-15   YES  +5.000012e-01 +0.000000e+00 +2.453073e-06 203826.4477 2.30e-21  
  13.266017  +5.000033e-01 +  +5.000033e-01 +  7.77e-16   1.72e-15   YES  +5.000008e-01 +0.000000e+00 +2.468832e-06 202525.2739 2.24e-21  
  13.379088  +5.000030e-01 +  +5.000030e-01 +  1.11e-15   1.91e-15   YES  +5.000005e-01 +0.000000e+00 +2.480377e-06 201582.4861 2.18e-21  
  13.416356  +5.000029e-01 +  +5.000029e-01 +  6.66e-16   1.72e-15   YES  +5.000005e-01 +0.000000e+00 +2.483271e-06 201347.5562 2.16e-21  
  13.453624  +5.000029e-01 +  +5.000029e-01 +  7.77e-16   1.75e-15   YES  +5.000004e-01 +0.000000e+00 +2.485717e-06 201149.3769 2.14e-21  
  13.636950  +5.000027e-01 +  +5.000027e-01 +  5.55e-16   2.36e-15   YES  +5.000002e-01 +0.000000e+00 +2.491336e-06 200695.5789 2.06e-21  
  13.820275  +5.000025e-01 +  +5.000025e-01 +  4.44e-16   2.31e-15   YES  +5.000001e-01 +0.000000e+00 +2.486585e-06 201079.0339 1.97e-21  
  13.856359  +5.000025e-01 +  +5.000025e-01 +  1.22e-15   2.00e-15   YES  +5.000000e-01 +0.000000e+00 +2.484466e-06 201250.5316 1.96e-21  
  13.892444  +5.000025e-01 +  +5.000025e-01 +  1.22e-15   1.86e-15   YES  +5.000000e-01 +0.000000e+00 +2.481966e-06 201453.2167 1.94e-21  
  13.964056  +5.000025e-01 +  +5.000025e-01 +  8.88e-16   1.83e-15   YES  +5.000000e-01 +0.000000e+00 +2.475893e-06 201947.3223 1.91e-21  
  14.035669  +5.000025e-01 +  +5.000025e-01 +  1.22e-15   1.92e-15   YES  +5.000000e-01 +0.000000e+00 +2.468369e-06 202562.9195 1.88e-21  
  14.071202  +5.000025e-01 +  +5.000025e-01 +  1.22e-15   1.89e-15   YES  +5.000000e-01 +0.000000e+00 +2.464107e-06 202913.2768 1.87e-21  
  14.106736  +5.000025e-01 +  +5.000025e-01 +  1.78e-15   2.11e-15   YES  +5.000000e-01 +0.000000e+00 +2.459500e-06 203293.3403 1.85e-21  
  ### VERIFIED-EST 116 of 119 ; margin negative (decided) NONE ; positive 116 ; undecided NONE
  ### P - PR + A negative (decided, verified) : NONE ; undecided NONE
  ### the pair (ON-LINE) negative at : NONE ; share max 16007674.2425 at a = 7.905124837953327 ; share above 0.50 at : [1.5, 1.7, 1.9, 1.99, 2.0, 2.01, 2.1, 2.4, 2.8, 3.0, 3.158312, 3.316625, 3.461088, 3.605551, 3.802776, 4.0, 4.061553, 4.123106, 4.241002, 4.358899, 4.577365, 4.795832, 4.897916, 5.0, 5.098076, 5.196152, 5.290659, 5.385165, 5.476465, 5.567764, 5.612309, 5.656854, 5.8698083898953, 6.082762530298219, 6.2429433838655335, 6.4031242374328485, 6.4802813808674244, 6.557438524302, 6.706546562351522, 6.855654600401044, 6.927827300200522, 7.0, 7.140054944640259, 7.280109889280518, 7.480627818574563, 7.681145747868608, 7.745697711887631, 7.810249675906654, 7.905124837953327, 8.0, 8.092676385936226, 8.18535277187245, 8.305751272524404, 8.426149773176359, 8.485076759246944, 8.54400374531753, 8.71609908131656, 8.888194417315589, 8.944097208657794, 9.0, 9.05521678957215, 9.1104335791443, 9.27220735560045, 9.433981132056603, 9.641419466926354, 9.848857801796104, 9.949366711458497, 10.04987562112089, 10.099383593106555, 10.14889156509222, 10.246485998940411, 10.344080432788601, 10.392193470849577, 10.44030650891055, 10.5352261608226, 10.63014581273465, 10.815072906367325, 11.0, 11.090169943749475, 11.180339887498949, 11.224883778541797, 11.269427669584644, 11.291568084284702, 11.313708498984761, 11.37961582062218, 11.445523142259598, 11.57511152648961, 11.704699910719626, 11.74726301663561, 11.789826122551595, 11.998190869142649, 12.206555615733702, 12.247380671589106, 12.288205727444508, 12.409084906793087, 12.529964086141668, 12.648554710472686, 12.767145334803704, 12.844996659061895, 12.922847983320086, 12.961423991660043, 13.0, 13.076473218982953, 13.152946437965905, 13.266017299112779, 13.379088160259652, 13.416356103666681, 13.45362404707371, 13.636949504079482, 13.820274961085254, 13.856359475267528, 13.892443989449804, 13.964056418534001, 14.035668847618199, 14.071202413642041, 14.106735979665885]
  ### cells whose u > 1200 shortfall ESTIMATE exceeds B : NONE

### COMPONENT 3 -- THE READING, IN (R122)(2)`S WORDS AND NO OTHERS:
    no Q0 cell is negative on a closing bank: the converse`s construction is harder than a modulated bump
    ### Nothing is claimed of the kernel either way.
============================================================================================================================
