====================================================================================================================================
b519 -- THREE VARIANTS OF THE TWO-PROPERTY WINDOW: Q0 AT 16.290216 AND XI AT 14.1347 ACROSS THE LADDER.
====================================================================================================================================

### (A) NOTCHED -- Q0. ### VERIFIED-EST iff |r| <= B ; signs decided beyond B ; the shortfall an ESTIMATE outside B.
  a          P - PR + A    s  |r|       B         VER  pair          others        on-line       pair / rest   G         G/e^dL   
  1.300000   +2.023166e+20 +  2.34e+15  2.87e+16  YES  -8.133110e+09 +4.115149e+19 +1.611628e+20 -4.020038e-11 1.0002    0.8881   
  1.350000   +4.867385e+19 +  3.96e+14  1.95e+15  YES  -6.984506e+09 +9.568268e+18 +3.910519e+19 -1.434972e-10 1.0003    0.8731   
  1.410000   +1.197405e+19 +  3.97e+13  1.31e+14  YES  -6.077074e+09 +2.535391e+18 +9.438617e+18 -5.075221e-10 1.0004    0.8561   
  1.500000   +2.241645e+18 +  1.23e+11  4.76e+12  YES  -5.356334e+09 +5.679951e+17 +1.673650e+18 -2.389466e-09 1.0006    0.8326   
  1.700000   +1.608044e+17 +  4.05e+09  2.20e+10  YES  -4.936928e+09 +4.049954e+16 +1.203049e+17 -3.070144e-08 1.0010    0.7870   
  1.900000   +2.647428e+16 +  2.40e+07  4.91e+08  YES  -4.905339e+09 +8.874696e+15 +1.759959e+16 -1.852869e-07 1.0014    0.7486   
  1.990000   +1.383815e+16 +  9.59e+06  1.22e+08  YES  -4.906141e+09 +5.076376e+15 +8.761776e+15 -3.545373e-07 1.0016    0.7332   
  2.000000   +1.293752e+16 +  8.79e+06  1.06e+08  YES  -4.906323e+09 +4.776598e+15 +8.160924e+15 -3.792321e-07 1.0016    0.7316   
  2.010000   +1.210612e+16 +  8.07e+06  9.17e+07  YES  -4.906514e+09 +4.495311e+15 +7.610810e+15 -4.052920e-07 1.0017    0.7300   
  2.100000   +6.905646e+15 +  3.93e+06  2.72e+07  YES  -4.908477e+09 +2.621591e+15 +4.284060e+15 -7.107913e-07 1.0019    0.7158   
  2.400000   +1.531246e+15 +  7.38e+04  1.02e+06  YES  -4.915717e+09 +4.753264e+14 +1.055924e+15 -3.210263e-06 1.0026    0.6742   
  2.800000   +3.593475e+14 +  9.34e+03  4.44e+04  YES  -4.925612e+09 +5.763712e+13 +3.017153e+14 -1.370691e-05 1.0036    0.6294   
  3.000000   +2.026373e+14 +  8.38e+02  1.42e+04  YES  -4.930567e+09 +2.050206e+13 +1.821402e+14 -2.433138e-05 1.0041    0.6103   
  3.158312   +1.355594e+14 +  4.42e+02  6.85e+03  YES  -4.934472e+09 +9.006478e+12 +1.265578e+14 -3.639950e-05 1.0045    0.5965   
  3.316625   +9.411416e+13 +  2.52e+02  3.86e+03  YES  -4.938355e+09 +3.925218e+12 +9.019388e+13 -5.246921e-05 1.0049    0.5836   
  3.461088   +6.932682e+13 +  1.56e+02  2.55e+03  YES  -4.941875e+09 +1.823907e+12 +6.750785e+13 -7.127867e-05 1.0053    0.5726   
  3.605551   +5.222052e+13 +  7.45e+01  1.79e+03  YES  -4.945369e+09 +8.398588e+11 +5.138560e+13 -9.469269e-05 1.0056    0.5623   
  3.802776   +3.658235e+13 +  1.59e+01  1.18e+03  YES  -4.950094e+09 +2.868136e+11 +3.630049e+13 -1.352954e-04 1.0061    0.5492   
  4.000000   +2.642553e+13 +  9.87e+00  8.19e+02  YES  -4.954760e+09 +9.607691e+10 +2.633441e+13 -1.874639e-04 1.0066    0.5370   
  4.061553   +2.400834e+13 +  8.75e+00  7.47e+02  YES  -4.956205e+09 +6.800851e+10 +2.394529e+13 -2.063942e-04 1.0067    0.5334   
  4.123106   +2.186583e+13 +  7.65e+00  6.83e+02  YES  -4.957643e+09 +4.804016e+10 +2.182275e+13 -2.266788e-04 1.0069    0.5298   
  4.241002   +1.840027e+13 +  5.95e+00  5.78e+02  YES  -4.960382e+09 +2.453848e+10 +1.838070e+13 -2.695093e-04 1.0072    0.5232   
  4.358899   +1.560780e+13 +  4.66e+00  4.93e+02  YES  -4.963098e+09 +1.243007e+10 +1.560033e+13 -3.178873e-04 1.0074    0.5169   
  4.577365   +1.172648e+13 +  2.13e+00  3.72e+02  YES  -4.968074e+09 +3.441328e+09 +1.172800e+13 -4.234835e-04 1.0080    0.5058   
  4.795832   +9.006497e+12 +  6.91e-01  2.83e+02  YES  -4.972974e+09 +9.200296e+08 +9.010550e+12 -5.518494e-04 1.0084    0.4955   
  4.897916   +8.015382e+12 +  5.72e-01  2.50e+02  YES  -4.975238e+09 +4.901074e+08 +8.019867e+12 -6.203262e-04 1.0087    0.4909   
  5.000000   +7.161371e+12 +  4.94e-01  2.21e+02  YES  -4.977485e+09 +2.587160e+08 +7.166089e+12 -6.945637e-04 1.0089    0.4864   
  5.098076   +6.449060e+12 +  4.36e-01  2.02e+02  YES  -4.979629e+09 +1.388067e+08 +6.453901e+12 -7.715523e-04 1.0091    0.4823   
  5.196152   +5.826213e+12 +  3.79e-01  1.86e+02  YES  -4.981758e+09 +7.382707e+07 +5.831121e+12 -8.543289e-04 1.0093    0.4782   
  5.290659   +5.298111e+12 +  3.17e-01  1.72e+02  YES  -4.983796e+09 +3.985760e+07 +5.303055e+12 -9.397900e-04 1.0095    0.4744   
  5.385165   +4.830645e+12 +  3.07e-01  1.59e+02  YES  -4.985819e+09 +2.135962e+07 +4.835610e+12 -1.031059e-03 1.0098    0.4708   
  5.476465   +4.428768e+12 +  2.55e-01  1.48e+02  YES  -4.987761e+09 +1.161746e+07 +4.433744e+12 -1.124952e-03 1.0099    0.4673   
  5.567764   +4.069335e+12 +  2.28e-01  1.37e+02  YES  -4.989691e+09 +6.284738e+06 +4.074318e+12 -1.224667e-03 1.0101    0.4639   
  5.612309   +3.907716e+12 +  2.28e-01  1.33e+02  YES  -4.990628e+09 +4.649046e+06 +3.912702e+12 -1.275493e-03 1.0102    0.4622   
  5.656854   +3.754349e+12 +  2.12e-01  1.28e+02  YES  -4.991562e+09 +3.435635e+06 +3.759337e+12 -1.327776e-03 1.0103    0.4606   
  5.869808   +3.120210e+12 +  8.89e-02  1.09e+02  YES  -4.995987e+09 +7.988603e+05 +3.125205e+12 -1.598611e-03 1.0108    0.4532   
  6.082763   +2.618576e+12 +  4.88e-02  9.27e+01  YES  -5.000346e+09 +1.801314e+05 +2.623576e+12 -1.905927e-03 1.0112    0.4461   
  6.242943   +2.308545e+12 +  4.10e-02  8.24e+01  YES  -5.003582e+09 +5.603249e+04 +2.313548e+12 -2.162731e-03 1.0115    0.4410   
  6.403124   +2.044592e+12 +  3.93e-02  7.34e+01  YES  -5.006784e+09 +1.591370e+04 +2.049599e+12 -2.442812e-03 1.0119    0.4361   
  6.480281   +1.931422e+12 +  3.54e-02  6.94e+01  YES  -5.008313e+09 +8.178287e+03 +1.936430e+12 -2.586364e-03 1.0120    0.4338   
  6.557439   +1.826268e+12 +  3.30e-02  6.57e+01  YES  -5.009835e+09 +3.929589e+03 +1.831277e+12 -2.735705e-03 1.0122    0.4316   
  6.706547   +1.643279e+12 +  3.10e-02  6.05e+01  YES  -5.012753e+09 +6.034559e+02 +1.648292e+12 -3.041181e-03 1.0125    0.4273   
  6.855655   +1.483463e+12 +  2.83e-02  5.65e+01  YES  -5.015642e+09 -1.518001e+02 +1.488479e+12 -3.369643e-03 1.0128    0.4232   
  6.927827   +1.413366e+12 +  2.56e-02  5.47e+01  YES  -5.017030e+09 -2.113892e+02 +1.418383e+12 -3.537147e-03 1.0129    0.4213   
  7.000000   +1.347528e+12 +  2.66e-02  5.29e+01  YES  -5.018412e+09 -2.020093e+02 +1.352547e+12 -3.710343e-03 1.0130    0.4194   
  7.140055   +1.230770e+12 +  2.17e-02  4.97e+01  YES  -5.021074e+09 -1.282379e+02 +1.235791e+12 -4.063046e-03 1.0133    0.4157   
  7.280110   +1.126887e+12 +  1.37e-02  4.70e+01  YES  -5.023713e+09 -6.423779e+01 +1.131911e+12 -4.438258e-03 1.0136    0.4122   
  7.480628   +9.972536e+11 +  6.59e-03  4.35e+01  YES  -5.027449e+09 -1.863946e+01 +1.002281e+12 -5.016007e-03 1.0140    0.4073   
  7.681146   +8.864966e+11 +  4.39e-03  4.03e+01  YES  -5.031137e+09 -4.315288e+00 +8.915278e+11 -5.643276e-03 1.0143    0.4026   
  7.745698   +8.543021e+11 +  5.74e-03  3.94e+01  YES  -5.032315e+09 -2.574380e+00 +8.593344e+11 -5.856061e-03 1.0144    0.4011   
  7.810250   +8.236283e+11 +  4.39e-03  3.84e+01  YES  -5.033488e+09 -1.494576e+00 +8.286618e+11 -6.074237e-03 1.0146    0.3996   
  7.905125   +7.811244e+11 +  4.76e-03  3.71e+01  YES  -5.035203e+09 -6.127996e-01 +7.861596e+11 -6.404810e-03 1.0147    0.3975   
  8.000000   +7.414651e+11 +  2.93e-03  3.58e+01  YES  -5.036908e+09 -1.522818e-01 +7.465020e+11 -6.747347e-03 1.0149    0.3955   
  8.092676   +7.052513e+11 +  4.39e-03  3.45e+01  YES  -5.038564e+09 +1.649027e-01 +7.102898e+11 -7.093674e-03 1.0151    0.3935   
  8.185353   +6.713383e+11 +  5.86e-03  3.34e+01  YES  -5.040211e+09 +5.299301e-01 +6.763785e+11 -7.451761e-03 1.0152    0.3915   
  8.305751   +6.304291e+11 +  2.69e-03  3.19e+01  YES  -5.042337e+09 +1.338667e+00 +6.354715e+11 -7.934797e-03 1.0155    0.3890   
  8.426150   +5.927585e+11 +  3.91e-03  3.05e+01  YES  -5.044447e+09 +2.937207e+00 +5.978029e+11 -8.438311e-03 1.0157    0.3865   
  8.485077   +5.754068e+11 +  3.17e-03  2.98e+01  YES  -5.045475e+09 +4.196243e+00 +5.804523e+11 -8.692316e-03 1.0158    0.3854   
  8.544004   +5.587231e+11 +  3.17e-03  2.92e+01  YES  -5.046498e+09 +5.903266e+00 +5.637696e+11 -8.951348e-03 1.0159    0.3842   
  8.716099   +5.135369e+11 +  1.71e-03  2.74e+01  YES  -5.049468e+09 +1.476954e+01 +5.185864e+11 -9.736986e-03 1.0162    0.3809   
  8.888194   +4.730891e+11 +  3.66e-03  2.57e+01  YES  -5.052408e+09 +3.324093e+01 +4.781416e+11 -1.056676e-02 1.0165    0.3776   
  8.944097   +4.608677e+11 +  1.65e-03  2.52e+01  YES  -5.053357e+09 +4.239061e+01 +4.659210e+11 -1.084595e-02 1.0166    0.3766   
  9.000000   +4.490641e+11 +  2.44e-04  2.47e+01  YES  -5.054302e+09 +5.356239e+01 +4.541184e+11 -1.112992e-02 1.0167    0.3755   
  9.055217   +4.377985e+11 +  2.81e-03  2.42e+01  YES  -5.055233e+09 +6.690450e+01 +4.428537e+11 -1.141513e-02 1.0168    0.3745   
  9.110434   +4.269074e+11 +  9.77e-04  2.37e+01  YES  -5.056162e+09 +8.289083e+01 +4.319636e+11 -1.170506e-02 1.0168    0.3735   
  9.272207   +3.970144e+11 +  3.23e-03  2.24e+01  YES  -5.058864e+09 +1.487259e+02 +4.020732e+11 -1.258195e-02 1.0171    0.3707   
  9.433981   +3.698598e+11 +  1.28e-03  2.11e+01  YES  -5.061542e+09 +2.520816e+02 +3.749214e+11 -1.350028e-02 1.0174    0.3679   
  9.641419   +3.385652e+11 +  5.00e-03  1.96e+01  YES  -5.064942e+09 +4.621200e+02 +3.436302e+11 -1.473951e-02 1.0177    0.3644   
  9.848858   +3.107278e+11 +  2.75e-03  1.82e+01  YES  -5.068302e+09 +7.916337e+02 +3.157961e+11 -1.604929e-02 1.0181    0.3610   
  9.949367   +2.983426e+11 +  0.00e+00  1.76e+01  YES  -5.069917e+09 +1.005445e+03 +3.034125e+11 -1.670965e-02 1.0182    0.3594   
  10.049876  +2.866130e+11 +  3.72e-03  1.70e+01  YES  -5.071523e+09 +1.260347e+03 +2.916845e+11 -1.738702e-02 1.0184    0.3578   
  10.099384  +2.810631e+11 +  2.75e-03  1.67e+01  YES  -5.072311e+09 +1.402228e+03 +2.861355e+11 -1.772696e-02 1.0185    0.3571   
  10.148892  +2.756572e+11 +  3.48e-03  1.64e+01  YES  -5.073097e+09 +1.555475e+03 +2.807303e+11 -1.807107e-02 1.0186    0.3563   
  10.246486  +2.654039e+11 +  2.20e-03  1.59e+01  YES  -5.074641e+09 +1.892399e+03 +2.704785e+11 -1.876171e-02 1.0187    0.3548   
  10.344080  +2.556583e+11 +  2.11e-03  1.54e+01  YES  -5.076176e+09 +2.277732e+03 +2.607345e+11 -1.946876e-02 1.0189    0.3533   
  10.392193  +2.510311e+11 +  1.74e-03  1.51e+01  YES  -5.076930e+09 +2.486172e+03 +2.561080e+11 -1.982339e-02 1.0189    0.3526   
  10.440307  +2.465161e+11 +  2.17e-03  1.49e+01  YES  -5.077682e+09 +2.707073e+03 +2.515938e+11 -2.018206e-02 1.0190    0.3519   
  10.535226  +2.379250e+11 +  7.02e-04  1.44e+01  YES  -5.079161e+09 +3.179913e+03 +2.430041e+11 -2.090154e-02 1.0192    0.3505   
  10.630146  +2.297330e+11 +  3.08e-03  1.39e+01  YES  -5.080632e+09 +3.702252e+03 +2.348136e+11 -2.163687e-02 1.0193    0.3492   
  10.815073  +2.148338e+11 +  3.02e-03  1.31e+01  YES  -5.083477e+09 +4.860274e+03 +2.199173e+11 -2.311541e-02 1.0196    0.3465   
  11.000000  +2.012098e+11 +  1.68e-03  1.23e+01  YES  -5.086297e+09 +6.193378e+03 +2.062961e+11 -2.465532e-02 1.0199    0.3440   
  11.090170  +1.949882e+11 +  1.68e-03  1.19e+01  YES  -5.087662e+09 +6.900444e+03 +2.000759e+11 -2.542866e-02 1.0200    0.3427   
  11.180340  +1.890234e+11 +  3.17e-03  1.16e+01  YES  -5.089021e+09 +7.640203e+03 +1.941124e+11 -2.621688e-02 1.0201    0.3415   
  11.224884  +1.861674e+11 +  2.35e-03  1.14e+01  YES  -5.089690e+09 +8.016426e+03 +1.912571e+11 -2.661177e-02 1.0202    0.3409   
  11.269428  +1.833694e+11 +  2.01e-03  1.12e+01  YES  -5.090358e+09 +8.399036e+03 +1.884597e+11 -2.701032e-02 1.0203    0.3404   
  11.291568  +1.819997e+11 +  1.28e-03  1.11e+01  YES  -5.090689e+09 +8.591404e+03 +1.870904e+11 -2.720978e-02 1.0203    0.3401   
  11.313708  +1.806438e+11 +  2.01e-03  1.11e+01  YES  -5.091020e+09 +8.785129e+03 +1.857348e+11 -2.741015e-02 1.0203    0.3398   
  11.379616  +1.766873e+11 +  1.92e-03  1.08e+01  YES  -5.092003e+09 +9.369065e+03 +1.817793e+11 -2.801201e-02 1.0204    0.3389   
  11.445523  +1.728467e+11 +  2.29e-03  1.06e+01  YES  -5.092983e+09 +9.962204e+03 +1.779397e+11 -2.862196e-02 1.0205    0.3381   
  11.575112  +1.656171e+11 +  1.16e-03  1.01e+01  YES  -5.094900e+09 +1.114660e+04 +1.707120e+11 -2.984500e-02 1.0207    0.3364   
  11.704700  +1.587890e+11 +  1.53e-03  9.72e+00  YES  -5.096806e+09 +1.233997e+04 +1.638858e+11 -3.109974e-02 1.0209    0.3348   
  11.747263  +1.566291e+11 +  2.17e-03  9.59e+00  YES  -5.097429e+09 +1.273073e+04 +1.617265e+11 -3.151882e-02 1.0210    0.3342   
  11.789826  +1.545086e+11 +  3.63e-03  9.45e+00  YES  -5.098051e+09 +1.311977e+04 +1.596066e+11 -3.194136e-02 1.0211    0.3337   
  11.998191  +1.446660e+11 +  2.17e-03  8.83e+00  YES  -5.101079e+09 +1.497729e+04 +1.497671e+11 -3.406007e-02 1.0214    0.3312   
  12.206556  +1.356475e+11 +  1.22e-03  8.26e+00  YES  -5.104076e+09 +1.670088e+04 +1.407516e+11 -3.626301e-02 1.0217    0.3287   
  12.247381  +1.339695e+11 +  2.96e-03  8.16e+00  YES  -5.104660e+09 +1.701675e+04 +1.390741e+11 -3.670460e-02 1.0217    0.3282   
  12.288206  +1.323191e+11 +  3.20e-04  8.05e+00  YES  -5.105243e+09 +1.732429e+04 +1.374243e+11 -3.714947e-02 1.0218    0.3277   
  12.409085  +1.275895e+11 +  2.85e-03  7.74e+00  YES  -5.106962e+09 +1.818172e+04 +1.326964e+11 -3.848605e-02 1.0219    0.3263   
  12.529964  +1.230833e+11 +  1.42e-03  7.45e+00  YES  -5.108672e+09 +1.895147e+04 +1.281919e+11 -3.985174e-02 1.0221    0.3250   
  12.648555  +1.188666e+11 +  5.45e-03  7.18e+00  YES  -5.110340e+09 +1.961269e+04 +1.239770e+11 -4.122007e-02 1.0223    0.3236   
  12.767145  +1.148405e+11 +  3.34e-03  6.91e+00  YES  -5.111999e+09 +2.017402e+04 +1.199525e+11 -4.261685e-02 1.0224    0.3223   
  12.844997  +1.122958e+11 +  2.56e-03  6.74e+00  YES  -5.113084e+09 +2.048572e+04 +1.174089e+11 -4.354938e-02 1.0226    0.3215   
  12.922848  +1.098256e+11 +  1.88e-03  6.58e+00  YES  -5.114165e+09 +2.075120e+04 +1.149397e+11 -4.449432e-02 1.0227    0.3206   
  12.961424  +1.086283e+11 +  5.34e-04  6.50e+00  YES  -5.114699e+09 +2.086541e+04 +1.137430e+11 -4.496716e-02 1.0227    0.3202   
  13.000000  +1.074483e+11 +  2.61e-03  6.43e+00  YES  -5.115232e+09 +2.096805e+04 +1.125635e+11 -4.544308e-02 1.0228    0.3198   
  13.076473  +1.051588e+11 +  1.43e-03  6.27e+00  YES  -5.116286e+09 +2.113725e+04 +1.102751e+11 -4.639566e-02 1.0229    0.3190   
  13.152946  +1.029336e+11 +  2.04e-03  6.13e+00  YES  -5.117337e+09 +2.126090e+04 +1.080510e+11 -4.736040e-02 1.0230    0.3182   
  13.266017  +9.975640e+10 +  1.71e-03  5.91e+00  YES  -5.118884e+09 +2.136090e+04 +1.048753e+11 -4.880925e-02 1.0231    0.3170   
  13.379088  +9.670756e+10 +  5.16e-03  5.71e+00  YES  -5.120424e+09 +2.136389e+04 +1.018280e+11 -5.028504e-02 1.0233    0.3158   
  13.416356  +9.572966e+10 +  1.53e-04  5.65e+00  YES  -5.120930e+09 +2.134412e+04 +1.008506e+11 -5.077739e-02 1.0233    0.3154   
  13.453624  +9.476477e+10 +  4.21e-03  5.58e+00  YES  -5.121435e+09 +2.131428e+04 +9.988618e+10 -5.127270e-02 1.0234    0.3151   
  13.636950  +9.020030e+10 +  4.27e-03  5.28e+00  YES  -5.123907e+09 +2.102620e+04 +9.532418e+10 -5.375243e-02 1.0236    0.3132   
  13.820275  +8.592038e+10 +  2.03e-03  4.99e+00  YES  -5.126360e+09 +2.051978e+04 +9.104672e+10 -5.630471e-02 1.0239    0.3114   
  13.856359  +8.510949e+10 +  4.04e-03  4.93e+00  YES  -5.126841e+09 +2.039658e+04 +9.023631e+10 -5.681571e-02 1.0239    0.3110   
  13.892444  +8.430858e+10 +  2.01e-03  4.88e+00  YES  -5.127321e+09 +2.026614e+04 +8.943588e+10 -5.732956e-02 1.0240    0.3107   
  13.964056  +8.274807e+10 +  8.39e-04  4.77e+00  YES  -5.128271e+09 +1.998671e+04 +8.787632e+10 -5.835781e-02 1.0241    0.3100   
  14.035669  +8.122507e+10 +  1.97e-03  4.67e+00  YES  -5.129218e+09 +1.968145e+04 +8.635427e+10 -5.939738e-02 1.0242    0.3093   
  14.071202  +8.048293e+10 +  3.66e-04  4.62e+00  YES  -5.129687e+09 +1.952096e+04 +8.561260e+10 -5.991742e-02 1.0242    0.3090   
  14.106736  +7.974960e+10 +  1.22e-03  4.57e+00  YES  -5.130156e+09 +1.935478e+04 +8.487974e+10 -6.044028e-02 1.0243    0.3086   
  ### VERIFIED-EST 119 of 119 ; P - PR + A negative beyond B : NONE ; positive 119 ; undecided NONE
  ### the narrowest such width : None ; the realized growth G there : None (k`s: None)
  ### the pair (OFF-LINE) negative at 119, positive at 0 ; pair / rest from -6.044e-02 to -4.020e-11 ; at the widest cell (a = 14.106736) -6.044028e-02
  ### shortfall ESTIMATE above B at : NONE

### (A) NOTCHED -- XI. ### VERIFIED-EST iff |r| <= B ; signs decided beyond B ; the shortfall an ESTIMATE outside B.
  a          P - PR + A    s  |r|       B         VER  pair          others        on-line       pair / rest   G         G/e^dL   
  1.300000   +2.685240e+19 +  3.30e+10  3.27e+10  no   +5.207766e+03 +0.000000e+00 +2.685240e+19 +1.939404e-16 1.0002    0.8881   
  1.350000   +5.425893e+18 +  1.69e+09  1.67e+09  no   +4.483302e+03 +0.000000e+00 +5.425893e+18 +8.262791e-16 1.0003    0.8731   
  1.410000   +1.087285e+18 +  1.73e+08  1.72e+08  no   +3.845434e+03 +0.000000e+00 +1.087285e+18 +3.536730e-15 1.0004    0.8561   
  1.500000   +1.503050e+17 +  4.39e+06  4.35e+06  no   +3.252762e+03 +0.000000e+00 +1.503050e+17 +2.164107e-14 1.0006    0.8326   
  1.700000   +5.505679e+15 +  2.35e+04  2.33e+04  no   +2.775802e+03 +0.000000e+00 +5.505679e+15 +5.041707e-13 1.0010    0.7870   
  1.900000   +4.813803e+14 +  5.04e+02  5.02e+02  no   +2.694564e+03 +0.000000e+00 +4.813803e+14 +5.597578e-12 1.0014    0.7486   
  1.990000   +1.945621e+14 +  1.32e+02  1.32e+02  YES  +2.687646e+03 +0.000000e+00 +1.945621e+14 +1.381382e-11 1.0016    0.7332   
  2.000000   +1.767851e+14 +  1.11e+02  1.12e+02  YES  +2.687236e+03 +0.000000e+00 +1.767851e+14 +1.520058e-11 1.0016    0.7316   
  2.010000   +1.607582e+14 +  9.82e+01  9.91e+01  YES  +2.686873e+03 +0.000000e+00 +1.607582e+14 +1.671375e-11 1.0017    0.7300   
  2.100000   +7.029949e+13 +  3.10e+01  3.13e+01  YES  +2.685032e+03 +0.000000e+00 +7.029949e+13 +3.819419e-11 1.0019    0.7158   
  2.400000   +5.252100e+12 +  2.07e+00  2.18e+00  YES  +2.684277e+03 +0.000000e+00 +5.252100e+12 +5.110865e-10 1.0026    0.6742   
  2.800000   +1.757290e+11 +  1.49e-01  2.16e-01  YES  +2.684272e+03 +0.000000e+00 +1.757290e+11 +1.527507e-08 1.0036    0.6294   
  3.000000   +3.150966e+10 +  3.61e-02  1.45e-01  YES  +2.684272e+03 +0.000000e+00 +3.150965e+10 +8.518889e-08 1.0041    0.6103   
  3.158312   +7.898361e+09 +  6.59e-02  1.21e-01  YES  +2.684272e+03 +0.000000e+00 +7.898358e+09 +3.398519e-07 1.0045    0.5965   
  3.316625   +1.926048e+09 +  4.89e-02  1.13e-01  YES  +2.684272e+03 +0.000000e+00 +1.926045e+09 +1.393670e-06 1.0049    0.5836   
  3.461088   +5.173184e+08 +  4.72e-02  8.58e-02  YES  +2.684272e+03 +0.000000e+00 +5.173158e+08 +5.188847e-06 1.0053    0.5726   
  3.605551   +1.359651e+08 +  2.01e-02  5.52e-02  YES  +2.684272e+03 +0.000000e+00 +1.359624e+08 +1.974275e-05 1.0056    0.5623   
  3.802776   +2.191907e+07 +  7.22e-03  4.80e-02  YES  +2.684272e+03 +0.000000e+00 +2.191638e+07 +1.224779e-04 1.0061    0.5492   
  4.000000   +3.824132e+06 +  2.88e-02  5.74e-02  YES  +2.684272e+03 +0.000000e+00 +3.821448e+06 +7.024228e-04 1.0066    0.5370   
  4.061553   +2.288035e+06 +  2.88e-02  7.23e-02  YES  +2.684273e+03 +0.000000e+00 +2.285351e+06 +1.174556e-03 1.0067    0.5334   
  4.123106   +1.400797e+06 +  3.34e-02  8.34e-02  YES  +2.684273e+03 +0.000000e+00 +1.398113e+06 +1.919926e-03 1.0069    0.5298   
  4.241002   +6.127957e+05 +  4.36e-02  4.91e-02  YES  +2.684273e+03 +0.000000e+00 +6.101115e+05 +4.399643e-03 1.0072    0.5232   
  4.358899   +3.550210e+05 +  3.75e-02  7.35e-02  YES  +2.684273e+03 +0.000000e+00 +3.523368e+05 +7.618486e-03 1.0074    0.5169   
  4.577365   +2.841446e+05 +  3.06e-02  8.74e-02  YES  +2.684273e+03 +0.000000e+00 +2.814604e+05 +9.536950e-03 1.0080    0.5058   
  4.795832   +2.778983e+05 +  4.74e-02  3.91e-02  no   +2.684274e+03 +0.000000e+00 +2.752140e+05 +9.753403e-03 1.0084    0.4955   
  4.897916   +2.616790e+05 +  5.08e-02  4.82e-02  no   +2.684274e+03 +0.000000e+00 +2.589948e+05 +1.036420e-02 1.0087    0.4909   
  5.000000   +2.392085e+05 +  3.33e-02  5.55e-02  YES  +2.684274e+03 +0.000000e+00 +2.365242e+05 +1.134883e-02 1.0089    0.4864   
  5.098076   +2.151107e+05 +  3.55e-02  3.74e-02  YES  +2.684273e+03 +0.000000e+00 +2.124265e+05 +1.263625e-02 1.0091    0.4823   
  5.196152   +1.909929e+05 +  2.63e-02  3.69e-02  YES  +2.684273e+03 +0.000000e+00 +1.883087e+05 +1.425464e-02 1.0093    0.4782   
  5.290659   +1.689332e+05 +  8.49e-03  5.40e-02  YES  +2.684273e+03 +0.000000e+00 +1.662489e+05 +1.614611e-02 1.0095    0.4744   
  5.385165   +1.484273e+05 +  3.86e-03  5.75e-02  YES  +2.684273e+03 +0.000000e+00 +1.457430e+05 +1.841785e-02 1.0098    0.4708   
  5.476465   +1.301010e+05 +  3.17e-02  5.71e-02  YES  +2.684273e+03 +0.000000e+00 +1.274168e+05 +2.106688e-02 1.0099    0.4673   
  5.567764   +1.131666e+05 +  1.87e-02  3.72e-02  YES  +2.684273e+03 +0.000000e+00 +1.104823e+05 +2.429595e-02 1.0101    0.4639   
  5.612309   +1.054058e+05 +  1.36e-03  6.04e-02  YES  +2.684273e+03 +0.000000e+00 +1.027215e+05 +2.613155e-02 1.0102    0.4622   
  5.656854   +9.798420e+04 +  1.69e-03  5.24e-02  YES  +2.684273e+03 +0.000000e+00 +9.529992e+04 +2.816658e-02 1.0103    0.4606   
  5.869808   +6.771057e+04 +  1.66e-02  2.82e-02  YES  +2.684273e+03 +0.000000e+00 +6.502632e+04 +4.127979e-02 1.0108    0.4532   
  6.082763   +4.719944e+04 +  1.41e-03  2.94e-02  YES  +2.684273e+03 +0.000000e+00 +4.451517e+04 +6.030018e-02 1.0112    0.4461   
  6.242943   +3.804203e+04 +  1.02e-02  2.50e-02  YES  +2.684272e+03 +0.000000e+00 +3.535777e+04 +7.591748e-02 1.0115    0.4410   
  6.403124   +3.298207e+04 +  3.43e-03  3.04e-02  YES  +2.684272e+03 +0.000000e+00 +3.029780e+04 +8.859627e-02 1.0119    0.4361   
  6.480281   +3.153059e+04 +  1.40e-02  2.82e-02  YES  +2.684272e+03 +0.000000e+00 +2.884633e+04 +9.305420e-02 1.0120    0.4338   
  6.557439   +3.047640e+04 +  1.08e-02  4.95e-02  YES  +2.684272e+03 +0.000000e+00 +2.779212e+04 +9.658394e-02 1.0122    0.4316   
  6.706547   +2.900138e+04 +  1.32e-02  2.76e-02  YES  +2.684272e+03 +0.000000e+00 +2.631712e+04 +1.019972e-01 1.0125    0.4273   
  6.855655   +2.758956e+04 +  7.89e-03  2.43e-02  YES  +2.684272e+03 +0.000000e+00 +2.490530e+04 +1.077792e-01 1.0128    0.4232   
  6.927827   +2.677747e+04 +  4.05e-04  2.90e-02  YES  +2.684272e+03 +0.000000e+00 +2.409320e+04 +1.114120e-01 1.0129    0.4213   
  7.000000   +2.584483e+04 +  2.46e-02  4.64e-02  YES  +2.684272e+03 +0.000000e+00 +2.316059e+04 +1.158983e-01 1.0130    0.4194   
  7.140055   +2.368017e+04 +  6.93e-03  2.26e-02  YES  +2.684272e+03 +0.000000e+00 +2.099589e+04 +1.278475e-01 1.0133    0.4157   
  7.280110   +2.112826e+04 +  8.55e-03  3.40e-02  YES  +2.684272e+03 +0.000000e+00 +1.844400e+04 +1.455364e-01 1.0136    0.4122   
  7.480628   +1.715602e+04 +  1.18e-02  2.57e-02  YES  +2.684272e+03 +0.000000e+00 +1.447173e+04 +1.854838e-01 1.0140    0.4073   
  7.681146   +1.331854e+04 +  1.39e-03  3.11e-02  YES  +2.684272e+03 +0.000000e+00 +1.063426e+04 +2.524173e-01 1.0143    0.4026   
  7.745698   +1.218761e+04 +  2.30e-02  2.42e-02  YES  +2.684272e+03 +0.000000e+00 +9.503310e+03 +2.824566e-01 1.0144    0.4011   
  7.810250   +1.112515e+04 +  7.65e-03  2.50e-02  YES  +2.684272e+03 +0.000000e+00 +8.440873e+03 +3.180088e-01 1.0146    0.3996   
  7.905125   +9.700899e+03 +  1.13e-02  2.09e-02  YES  +2.684272e+03 +0.000000e+00 +7.016616e+03 +3.825594e-01 1.0147    0.3975   
  8.000000   +8.449254e+03 +  1.66e-03  2.37e-02  YES  +2.684272e+03 +0.000000e+00 +5.764983e+03 +4.656167e-01 1.0149    0.3955   
  8.092676   +7.395047e+03 +  2.77e-02  2.45e-02  no   +2.684272e+03 +0.000000e+00 +4.710747e+03 +5.698188e-01 1.0151    0.3935   
  8.185353   +6.501948e+03 +  3.50e-02  2.04e-02  no   +2.684272e+03 +0.000000e+00 +3.817641e+03 +7.031233e-01 1.0152    0.3915   
  8.305751   +5.565059e+03 +  1.33e-02  3.09e-02  YES  +2.684272e+03 +0.000000e+00 +2.880773e+03 +9.317889e-01 1.0155    0.3890   
  8.426150   +4.852558e+03 +  4.41e-02  3.46e-02  no   +2.684272e+03 +0.000000e+00 +2.168241e+03 +1.237995e+00 1.0157    0.3865   
  8.485077   +4.575361e+03 +  2.67e-02  1.98e-02  no   +2.684272e+03 +0.000000e+00 +1.891062e+03 +1.419452e+00 1.0158    0.3854   
  8.544004   +4.339797e+03 +  4.13e-02  2.75e-02  no   +2.684272e+03 +0.000000e+00 +1.655483e+03 +1.621443e+00 1.0159    0.3842   
  8.716099   +3.853889e+03 +  2.83e-02  1.94e-02  no   +2.684272e+03 +0.000000e+00 +1.169588e+03 +2.295058e+00 1.0162    0.3809   
  8.888194   +3.602272e+03 +  2.86e-02  2.30e-02  no   +2.684272e+03 +0.000000e+00 +9.179715e+02 +2.924135e+00 1.0165    0.3776   
  8.944097   +3.558632e+03 +  1.80e-02  2.00e-02  YES  +2.684272e+03 +0.000000e+00 +8.743415e+02 +3.070050e+00 1.0166    0.3766   
  9.000000   +3.530120e+03 +  3.60e-02  2.77e-02  no   +2.684272e+03 +0.000000e+00 +8.458118e+02 +3.173605e+00 1.0167    0.3755   
  9.055217   +3.514979e+03 +  4.06e-02  2.08e-02  no   +2.684272e+03 +0.000000e+00 +8.306666e+02 +3.231468e+00 1.0168    0.3745   
  9.110434   +3.511158e+03 +  1.47e-02  5.59e-02  YES  +2.684272e+03 +0.000000e+00 +8.268712e+02 +3.246300e+00 1.0168    0.3735   
  9.272207   +3.552326e+03 +  2.70e-02  3.71e-02  YES  +2.684272e+03 +0.000000e+00 +8.680269e+02 +3.092384e+00 1.0171    0.3707   
  9.433981   +3.649056e+03 +  3.19e-02  3.00e-02  no   +2.684272e+03 +0.000000e+00 +9.647514e+02 +2.782346e+00 1.0174    0.3679   
  9.641419   +3.818641e+03 +  1.45e-02  5.02e-02  YES  +2.684272e+03 +0.000000e+00 +1.134354e+03 +2.366345e+00 1.0177    0.3644   
  9.848858   +4.007187e+03 +  2.51e-02  3.03e-02  YES  +2.684272e+03 +0.000000e+00 +1.322889e+03 +2.029098e+00 1.0181    0.3610   
  9.949367   +4.097388e+03 +  2.40e-02  4.58e-02  YES  +2.684272e+03 +0.000000e+00 +1.413091e+03 +1.899574e+00 1.0182    0.3594   
  10.049876  +4.183619e+03 +  2.45e-02  3.30e-02  YES  +2.684272e+03 +0.000000e+00 +1.499322e+03 +1.790324e+00 1.0184    0.3578   
  10.099384  +4.224053e+03 +  4.07e-02  1.92e-02  no   +2.684272e+03 +0.000000e+00 +1.539740e+03 +1.743329e+00 1.0185    0.3571   
  10.148892  +4.262849e+03 +  5.10e-02  3.87e-02  no   +2.684272e+03 +0.000000e+00 +1.578525e+03 +1.700494e+00 1.0186    0.3563   
  10.246486  +4.333821e+03 +  2.50e-02  1.81e-02  no   +2.684272e+03 +0.000000e+00 +1.649524e+03 +1.627301e+00 1.0187    0.3548   
  10.344080  +4.396635e+03 +  3.62e-02  1.40e-02  no   +2.684272e+03 +0.000000e+00 +1.712326e+03 +1.567617e+00 1.0189    0.3533   
  10.392193  +4.424262e+03 +  7.63e-03  4.23e-02  YES  +2.684272e+03 +0.000000e+00 +1.739982e+03 +1.542701e+00 1.0189    0.3526   
  10.440307  +4.449626e+03 +  2.15e-02  2.28e-02  YES  +2.684272e+03 +0.000000e+00 +1.765332e+03 +1.520548e+00 1.0190    0.3519   
  10.535226  +4.492594e+03 +  8.54e-03  3.25e-02  YES  +2.684272e+03 +0.000000e+00 +1.808313e+03 +1.484407e+00 1.0192    0.3505   
  10.630146  +4.525931e+03 +  1.94e-02  2.36e-02  YES  +2.684272e+03 +0.000000e+00 +1.841639e+03 +1.457545e+00 1.0193    0.3492   
  10.815073  +4.562457e+03 +  9.03e-03  2.35e-02  YES  +2.684272e+03 +0.000000e+00 +1.878176e+03 +1.429191e+00 1.0196    0.3465   
  11.000000  +4.561955e+03 +  1.71e-02  2.44e-02  YES  +2.684272e+03 +0.000000e+00 +1.877666e+03 +1.429580e+00 1.0199    0.3440   
  11.090170  +4.548913e+03 +  1.73e-03  3.80e-02  YES  +2.684272e+03 +0.000000e+00 +1.864642e+03 +1.439564e+00 1.0200    0.3427   
  11.180340  +4.528098e+03 +  1.80e-02  2.13e-02  YES  +2.684272e+03 +0.000000e+00 +1.843807e+03 +1.455831e+00 1.0201    0.3415   
  11.224884  +4.515087e+03 +  2.38e-02  2.42e-02  YES  +2.684272e+03 +0.000000e+00 +1.830791e+03 +1.466182e+00 1.0202    0.3409   
  11.269428  +4.500329e+03 +  8.73e-03  3.49e-02  YES  +2.684272e+03 +0.000000e+00 +1.816066e+03 +1.478070e+00 1.0203    0.3404   
  11.291568  +4.492416e+03 +  1.03e-02  3.10e-02  YES  +2.684272e+03 +0.000000e+00 +1.808133e+03 +1.484554e+00 1.0203    0.3401   
  11.313708  +4.484091e+03 +  1.17e-02  1.54e-02  YES  +2.684272e+03 +0.000000e+00 +1.799807e+03 +1.491422e+00 1.0203    0.3398   
  11.379616  +4.457049e+03 +  4.05e-03  3.88e-02  YES  +2.684272e+03 +0.000000e+00 +1.772781e+03 +1.514159e+00 1.0204    0.3389   
  11.445523  +4.426877e+03 +  2.27e-03  3.29e-02  YES  +2.684272e+03 +0.000000e+00 +1.742607e+03 +1.540377e+00 1.0205    0.3381   
  11.575112  +4.359454e+03 +  1.99e-02  1.72e-02  no   +2.684272e+03 +0.000000e+00 +1.675162e+03 +1.602396e+00 1.0207    0.3364   
  11.704700  +4.283044e+03 +  6.09e-03  2.69e-02  YES  +2.684272e+03 +0.000000e+00 +1.598766e+03 +1.678966e+00 1.0209    0.3348   
  11.747263  +4.256373e+03 +  9.14e-03  2.39e-02  YES  +2.684272e+03 +0.000000e+00 +1.572092e+03 +1.707453e+00 1.0210    0.3342   
  11.789826  +4.229057e+03 +  1.87e-02  2.58e-02  YES  +2.684272e+03 +0.000000e+00 +1.544766e+03 +1.737657e+00 1.0211    0.3337   
  11.998191  +4.088355e+03 +  2.86e-03  1.40e-02  YES  +2.684272e+03 +0.000000e+00 +1.404080e+03 +1.911766e+00 1.0214    0.3312   
  12.206556  +3.942287e+03 +  5.31e-03  1.63e-02  YES  +2.684272e+03 +0.000000e+00 +1.258009e+03 +2.133746e+00 1.0217    0.3287   
  12.247381  +3.913679e+03 +  4.34e-03  1.82e-02  YES  +2.684272e+03 +0.000000e+00 +1.229411e+03 +2.183381e+00 1.0217    0.3282   
  12.288206  +3.885217e+03 +  5.23e-03  1.96e-02  YES  +2.684272e+03 +0.000000e+00 +1.200940e+03 +2.235143e+00 1.0218    0.3277   
  12.409085  +3.802129e+03 +  2.86e-02  3.91e-02  YES  +2.684272e+03 +0.000000e+00 +1.117828e+03 +2.401328e+00 1.0219    0.3263   
  12.529964  +3.721615e+03 +  2.64e-02  4.19e-02  YES  +2.684272e+03 +0.000000e+00 +1.037316e+03 +2.587709e+00 1.0221    0.3250   
  12.648555  +3.645989e+03 +  6.53e-03  1.40e-02  YES  +2.684272e+03 +0.000000e+00 +9.617230e+02 +2.791108e+00 1.0223    0.3236   
  12.767145  +3.574456e+03 +  9.36e-03  2.18e-02  YES  +2.684272e+03 +0.000000e+00 +8.901744e+02 +3.015446e+00 1.0224    0.3223   
  12.844997  +3.529916e+03 +  1.33e-02  3.34e-02  YES  +2.684272e+03 +0.000000e+00 +8.456565e+02 +3.174187e+00 1.0226    0.3215   
  12.922848  +3.487498e+03 +  1.29e-02  3.00e-02  YES  +2.684272e+03 +0.000000e+00 +8.032129e+02 +3.341919e+00 1.0227    0.3206   
  12.961424  +3.467250e+03 +  1.76e-03  2.26e-02  YES  +2.684272e+03 +0.000000e+00 +7.829759e+02 +3.428295e+00 1.0227    0.3202   
  13.000000  +3.447551e+03 +  2.78e-03  2.41e-02  YES  +2.684272e+03 +0.000000e+00 +7.632757e+02 +3.516780e+00 1.0228    0.3198   
  13.076473  +3.410086e+03 +  1.60e-02  4.01e-02  YES  +2.684272e+03 +0.000000e+00 +7.258301e+02 +3.698210e+00 1.0229    0.3190   
  13.152946  +3.374831e+03 +  1.41e-02  3.37e-02  YES  +2.684272e+03 +0.000000e+00 +6.905446e+02 +3.887182e+00 1.0230    0.3182   
  13.266017  +3.326597e+03 +  2.00e-02  4.59e-02  YES  +2.684272e+03 +0.000000e+00 +6.423444e+02 +4.178868e+00 1.0231    0.3170   
  13.379088  +3.283146e+03 +  3.73e-02  4.87e-02  YES  +2.684272e+03 +0.000000e+00 +5.988364e+02 +4.482481e+00 1.0233    0.3158   
  13.416356  +3.269768e+03 +  1.04e-02  3.60e-02  YES  +2.684272e+03 +0.000000e+00 +5.855057e+02 +4.584537e+00 1.0233    0.3154   
  13.453624  +3.256958e+03 +  2.00e-02  3.06e-02  YES  +2.684272e+03 +0.000000e+00 +5.726662e+02 +4.687325e+00 1.0234    0.3151   
  13.636950  +3.200694e+03 +  6.65e-03  1.88e-02  YES  +2.684272e+03 +0.000000e+00 +5.164149e+02 +5.197899e+00 1.0236    0.3132   
  13.820275  +3.155156e+03 +  7.92e-03  1.73e-02  YES  +2.684272e+03 +0.000000e+00 +4.708760e+02 +5.700593e+00 1.0239    0.3114   
  13.856359  +3.147366e+03 +  2.26e-02  3.58e-02  YES  +2.684272e+03 +0.000000e+00 +4.630713e+02 +5.796671e+00 1.0239    0.3110   
  13.892444  +3.139897e+03 +  2.35e-04  2.80e-02  YES  +2.684272e+03 +0.000000e+00 +4.556244e+02 +5.891415e+00 1.0240    0.3107   
  13.964056  +3.126131e+03 +  5.37e-03  2.36e-02  YES  +2.684272e+03 +0.000000e+00 +4.418644e+02 +6.074878e+00 1.0241    0.3100   
  14.035669  +3.113670e+03 +  7.06e-03  2.69e-02  YES  +2.684272e+03 +0.000000e+00 +4.293910e+02 +6.251347e+00 1.0242    0.3093   
  14.071202  +3.107956e+03 +  2.94e-02  6.26e-02  YES  +2.684272e+03 +0.000000e+00 +4.236539e+02 +6.336003e+00 1.0242    0.3090   
  14.106736  +3.102466e+03 +  9.40e-03  1.81e-02  YES  +2.684272e+03 +0.000000e+00 +4.182029e+02 +6.418589e+00 1.0243    0.3086   
  ### VERIFIED-EST 96 of 119 ; P - PR + A negative beyond B : NONE ; positive 96 ; undecided NONE
  ### the narrowest such width : None ; the realized growth G there : None (k`s: None)
  ### the pair (ON-LINE) negative at 0, positive at 119 ; pair / rest from +1.939e-16 to +6.419e+00 ; at the widest cell (a = 14.106736) +6.418589e+00
  ### shortfall ESTIMATE above B at : NONE

### (B) EDGE-WEIGHTED -- Q0. ### VERIFIED-EST iff |r| <= B ; signs decided beyond B ; the shortfall an ESTIMATE outside B.
  a          P - PR + A    s  |r|       B         VER  pair          others        on-line       pair / rest   G         G/e^dL   
  1.300000   +1.376796e+07 ?  4.89e+06  3.82e+07  YES  -2.745774e+02 +1.577795e+06 +7.301387e+06 -3.092372e-05 1.0018    0.8895   
  1.350000   +2.755021e+06 ?  7.21e+05  1.00e+07  YES  -2.581004e+02 +4.458931e+05 +1.588461e+06 -1.268709e-04 1.0024    0.8749   
  1.410000   +9.492074e+05 ?  1.50e+05  1.99e+06  YES  -2.044122e+02 +1.670823e+05 +6.319253e+05 -2.558326e-04 1.0031    0.8584   
  1.500000   +1.730646e+06 +  8.42e+04  2.75e+05  YES  -1.912538e+02 +3.916074e+05 +1.254980e+06 -1.161516e-04 1.0043    0.8357   
  1.700000   +2.259123e+05 +  9.49e+02  1.11e+04  YES  -2.354564e+02 +4.694035e+04 +1.782582e+05 -1.045550e-03 1.0074    0.7921   
  1.900000   +2.141411e+05 +  1.76e+01  1.16e+03  YES  -2.125096e+02 +5.086640e+04 +1.634697e+05 -9.914786e-04 1.0109    0.7557   
  1.990000   +1.497552e+05 +  3.67e+00  5.10e+02  YES  -2.361143e+02 +3.636640e+04 +1.136213e+05 -1.574225e-03 1.0125    0.7412   
  2.000000   +1.409518e+05 +  3.26e+00  4.68e+02  YES  -2.378117e+02 +3.658719e+04 +1.045992e+05 -1.684381e-03 1.0127    0.7397   
  2.010000   +1.322919e+05 +  3.06e+00  4.30e+02  YES  -2.391818e+02 +3.604703e+04 +9.648102e+04 -1.804764e-03 1.0129    0.7381   
  2.100000   +7.328744e+04 +  7.73e-01  2.10e+02  YES  -2.365396e+02 +1.570529e+04 +5.781792e+04 -3.217210e-03 1.0146    0.7248   
  2.400000   +5.345110e+04 +  7.46e-01  2.99e+01  YES  -2.248153e+02 +1.276809e+04 +4.090708e+04 -4.188441e-03 1.0203    0.6861   
  2.800000   +1.931318e+04 +  1.63e-01  4.51e+00  YES  -2.225318e+02 +1.739156e+03 +1.779640e+04 -1.139112e-02 1.0281    0.6447   
  3.000000   +1.981224e+04 +  1.78e-01  2.13e+00  YES  -2.314866e+02 +4.668131e+03 +1.537542e+04 -1.154918e-02 1.0321    0.6273   
  3.158312   +1.373649e+04 +  1.09e-01  1.25e+00  YES  -2.407258e+02 +3.529548e+03 +1.044756e+04 -1.722287e-02 1.0352    0.6147   
  3.316625   +1.168971e+04 +  6.75e-02  7.76e-01  YES  -2.374139e+02 +2.573653e+03 +9.353403e+03 -1.990549e-02 1.0383    0.6030   
  3.461088   +1.195619e+04 +  5.19e-02  5.20e-01  YES  -2.318834e+02 +3.069493e+03 +9.118530e+03 -1.902552e-02 1.0411    0.5930   
  3.605551   +9.914651e+03 +  3.96e-02  3.59e-01  YES  -2.326424e+02 +1.275578e+03 +8.871675e+03 -2.292664e-02 1.0439    0.5837   
  3.802776   +8.971095e+03 +  2.32e-02  2.26e-01  YES  -2.411544e+02 +1.880078e+03 +7.332148e+03 -2.617764e-02 1.0476    0.5718   
  4.000000   +6.607287e+03 +  1.29e-02  1.48e-01  YES  -2.452889e+02 +1.215302e+03 +5.637261e+03 -3.579521e-02 1.0514    0.5609   
  4.061553   +5.994408e+03 +  1.38e-02  1.31e-01  YES  -2.448242e+02 +7.533933e+02 +5.485825e+03 -3.923957e-02 1.0525    0.5576   
  4.123106   +5.732305e+03 +  6.24e-03  1.16e-01  YES  -2.438491e+02 +5.455952e+02 +5.430553e+03 -4.080373e-02 1.0537    0.5544   
  4.241002   +5.972243e+03 +  3.92e-03  9.26e-02  YES  -2.417099e+02 +9.324658e+02 +5.281484e+03 -3.889796e-02 1.0559    0.5485   
  4.358899   +6.229729e+03 +  2.48e-03  7.49e-02  YES  -2.407622e+02 +1.542416e+03 +4.928072e+03 -3.720928e-02 1.0580    0.5429   
  4.577365   +5.651144e+03 +  1.08e-03  5.19e-02  YES  -2.440607e+02 +1.592084e+03 +4.303119e+03 -4.139987e-02 1.0620    0.5330   
  4.795832   +5.072488e+03 +  7.09e-04  3.70e-02  YES  -2.497161e+02 +9.597105e+02 +4.362493e+03 -4.691968e-02 1.0660    0.5238   
  4.897916   +4.758542e+03 +  5.89e-04  3.19e-02  YES  -2.513362e+02 +6.678587e+02 +4.342019e+03 -5.016813e-02 1.0678    0.5197   
  5.000000   +4.306900e+03 +  4.34e-04  2.76e-02  YES  -2.519688e+02 +3.867827e+02 +4.172086e+03 -5.527003e-02 1.0696    0.5157   
  5.098076   +3.852498e+03 +  3.49e-04  2.42e-02  YES  -2.518378e+02 +1.682394e+02 +3.936096e+03 -6.135898e-02 1.0713    0.5120   
  5.196152   +3.533780e+03 +  3.18e-04  2.12e-02  YES  -2.513533e+02 +7.496239e+01 +3.710170e+03 -6.640543e-02 1.0730    0.5084   
  5.290659   +3.408842e+03 +  3.13e-04  1.88e-02  YES  -2.509271e+02 +1.422838e+02 +3.517485e+03 -6.856364e-02 1.0747    0.5051   
  5.385165   +3.406336e+03 +  3.16e-04  1.67e-02  YES  -2.508324e+02 +3.433066e+02 +3.313862e+03 -6.858650e-02 1.0763    0.5018   
  5.476465   +3.433836e+03 +  3.13e-04  1.50e-02  YES  -2.512071e+02 +6.069580e+02 +3.078085e+03 -6.816940e-02 1.0779    0.4987   
  5.567764   +3.435411e+03 +  2.88e-04  1.35e-02  YES  -2.520619e+02 +8.709170e+02 +2.816555e+03 -6.835628e-02 1.0794    0.4957   
  5.612309   +3.421484e+03 +  2.73e-04  1.28e-02  YES  -2.526311e+02 +9.808359e+02 +2.693279e+03 -6.875973e-02 1.0802    0.4942   
  5.656854   +3.398280e+03 +  2.73e-04  1.22e-02  YES  -2.532793e+02 +1.070206e+03 +2.581353e+03 -6.936196e-02 1.0809    0.4928   
  5.869808   +3.165236e+03 +  2.71e-04  9.65e-03  YES  -2.568357e+02 +1.118732e+03 +2.303339e+03 -7.505271e-02 1.0845    0.4862   
  6.082763   +2.672316e+03 +  2.13e-04  7.75e-03  YES  -2.596870e+02 +6.487334e+02 +2.283269e+03 -8.856984e-02 1.0881    0.4800   
  6.242943   +2.205300e+03 +  2.18e-04  6.63e-03  YES  -2.607930e+02 +2.553446e+02 +2.210748e+03 -1.057515e-01 1.0907    0.4755   
  6.403124   +1.867177e+03 +  1.55e-04  5.71e-03  YES  -2.612234e+02 +2.985950e+01 +2.098541e+03 -1.227323e-01 1.0933    0.4712   
  6.480281   +1.791592e+03 +  1.68e-04  5.32e-03  YES  -2.613349e+02 -5.857184e+00 +2.058784e+03 -1.272987e-01 1.0945    0.4692   
  6.557439   +1.773346e+03 +  1.16e-04  4.97e-03  YES  -2.614637e+02 -2.199146e+00 +2.037009e+03 -1.284954e-01 1.0957    0.4672   
  6.706547   +1.855305e+03 +  1.07e-04  4.36e-03  YES  -2.619319e+02 +7.901110e+01 +2.038226e+03 -1.237140e-01 1.0981    0.4635   
  6.855655   +1.995105e+03 +  1.04e-04  3.85e-03  YES  -2.628415e+02 +2.058102e+02 +2.052137e+03 -1.164073e-01 1.1005    0.4599   
  6.927827   +2.055091e+03 +  1.27e-04  3.63e-03  YES  -2.634478e+02 +2.720241e+02 +2.046514e+03 -1.136267e-01 1.1016    0.4582   
  7.000000   +2.101705e+03 +  1.10e-04  3.43e-03  YES  -2.641457e+02 +3.381105e+02 +2.027740e+03 -1.116494e-01 1.1027    0.4565   
  7.140055   +2.146756e+03 +  1.19e-04  3.07e-03  YES  -2.656783e+02 +4.575165e+02 +1.954918e+03 -1.101287e-01 1.1049    0.4533   
  7.280110   +2.134200e+03 +  1.11e-04  2.76e-03  YES  -2.672879e+02 +5.463514e+02 +1.855136e+03 -1.113010e-01 1.1070    0.4502   
  7.480628   +2.036732e+03 +  1.06e-04  2.39e-03  YES  -2.693892e+02 +5.728246e+02 +1.733296e+03 -1.168149e-01 1.1101    0.4459   
  7.681146   +1.883189e+03 +  9.40e-05  2.08e-03  YES  -2.710050e+02 +4.677939e+02 +1.686400e+03 -1.258034e-01 1.1131    0.4418   
  7.745698   +1.830484e+03 +  7.10e-05  1.99e-03  YES  -2.714170e+02 +4.161875e+02 +1.685714e+03 -1.291293e-01 1.1140    0.4405   
  7.810250   +1.779283e+03 +  8.89e-05  1.90e-03  YES  -2.717852e+02 +3.620627e+02 +1.689006e+03 -1.325091e-01 1.1150    0.4392   
  7.905125   +1.709687e+03 +  7.21e-05  1.79e-03  YES  -2.722650e+02 +2.855465e+02 +1.696405e+03 -1.373722e-01 1.1164    0.4374   
  8.000000   +1.649056e+03 +  8.55e-05  1.68e-03  YES  -2.726994e+02 +2.207515e+02 +1.701003e+03 -1.419013e-01 1.1178    0.4355   
  8.092676   +1.598617e+03 +  6.59e-05  1.58e-03  YES  -2.731106e+02 +1.737546e+02 +1.697973e+03 -1.459136e-01 1.1191    0.4338   
  8.185353   +1.554904e+03 +  8.29e-05  1.50e-03  YES  -2.735359e+02 +1.435067e+02 +1.684933e+03 -1.496007e-01 1.1205    0.4321   
  8.305751   +1.503044e+03 +  6.12e-05  1.39e-03  YES  -2.741455e+02 +1.243792e+02 +1.652810e+03 -1.542579e-01 1.1222    0.4299   
  8.426150   +1.450979e+03 +  7.54e-05  1.29e-03  YES  -2.748475e+02 +1.183031e+02 +1.607523e+03 -1.592556e-01 1.1240    0.4278   
  8.485077   +1.424417e+03 +  5.96e-05  1.25e-03  YES  -2.752290e+02 +1.169483e+02 +1.582697e+03 -1.619331e-01 1.1248    0.4267   
  8.544004   +1.397215e+03 +  5.94e-05  1.21e-03  YES  -2.756352e+02 +1.154616e+02 +1.557389e+03 -1.647698e-01 1.1256    0.4257   
  8.716099   +1.319012e+03 +  5.26e-05  1.09e-03  YES  -2.769467e+02 +1.073824e+02 +1.488576e+03 -1.735300e-01 1.1281    0.4228   
  8.888194   +1.257708e+03 +  5.70e-05  9.94e-04  YES  -2.783852e+02 +9.843957e+01 +1.437654e+03 -1.812294e-01 1.1305    0.4200   
  8.944097   +1.244351e+03 +  4.95e-05  9.65e-04  YES  -2.788641e+02 +9.764672e+01 +1.425569e+03 -1.830760e-01 1.1313    0.4191   
  9.000000   +1.234720e+03 +  5.11e-05  9.36e-04  YES  -2.793432e+02 +9.871807e+01 +1.415345e+03 -1.844991e-01 1.1320    0.4182   
  9.055217   +1.228834e+03 +  5.59e-05  9.09e-04  YES  -2.798136e+02 +1.019415e+02 +1.406706e+03 -1.854732e-01 1.1328    0.4173   
  9.110434   +1.226301e+03 +  5.17e-05  8.83e-04  YES  -2.802783e+02 +1.075068e+02 +1.399072e+03 -1.860363e-01 1.1336    0.4164   
  9.272207   +1.233162e+03 +  4.78e-05  8.12e-04  YES  -2.815867e+02 +1.369508e+02 +1.377798e+03 -1.858967e-01 1.1358    0.4139   
  9.433981   +1.246402e+03 +  4.20e-05  7.49e-04  YES  -2.827882e+02 +1.803164e+02 +1.348873e+03 -1.849268e-01 1.1380    0.4115   
  9.641419   +1.241456e+03 +  3.78e-05  6.77e-04  YES  -2.841599e+02 +2.378438e+02 +1.287772e+03 -1.862591e-01 1.1408    0.4084   
  9.848858   +1.189591e+03 +  3.05e-05  6.13e-04  YES  -2.853818e+02 +2.778029e+02 +1.197170e+03 -1.934828e-01 1.1436    0.4055   
  9.949367   +1.146926e+03 +  3.43e-05  5.86e-04  YES  -2.859430e+02 +2.876240e+02 +1.145245e+03 -1.995598e-01 1.1449    0.4041   
  10.049876  +1.094851e+03 +  2.47e-05  5.60e-04  YES  -2.864973e+02 +2.909707e+02 +1.090378e+03 -2.074041e-01 1.1462    0.4027   
  10.099384  +1.066403e+03 +  2.40e-05  5.47e-04  YES  -2.867706e+02 +2.903274e+02 +1.062846e+03 -2.119245e-01 1.1469    0.4021   
  10.148892  +1.036473e+03 +  2.76e-05  5.35e-04  YES  -2.870455e+02 +2.882379e+02 +1.035281e+03 -2.168806e-01 1.1475    0.4014   
  10.246486  +9.741464e+02 +  2.54e-05  5.13e-04  YES  -2.875952e+02 +2.800850e+02 +9.816565e+02 -2.279351e-01 1.1488    0.4001   
  10.344080  +9.089240e+02 +  1.81e-05  4.92e-04  YES  -2.881595e+02 +2.668817e+02 +9.302018e+02 -2.407180e-01 1.1500    0.3988   
  10.392193  +8.761911e+02 +  1.96e-05  4.82e-04  YES  -2.884443e+02 +2.586110e+02 +9.060243e+02 -2.476692e-01 1.1507    0.3982   
  10.440307  +8.432956e+02 +  2.20e-05  4.72e-04  YES  -2.887339e+02 +2.492242e+02 +8.828053e+02 -2.550586e-01 1.1513    0.3976   
  10.535226  +7.784707e+02 +  1.85e-05  4.53e-04  YES  -2.893194e+02 +2.275781e+02 +8.402120e+02 -2.709516e-01 1.1525    0.3964   
  10.630146  +7.145554e+02 +  1.15e-05  4.36e-04  YES  -2.899239e+02 +2.020852e+02 +8.023941e+02 -2.886310e-01 1.1537    0.3952   
  10.815073  +5.960988e+02 +  1.22e-05  4.04e-04  YES  -2.911497e+02 +1.435204e+02 +7.437281e+02 -3.281490e-01 1.1561    0.3929   
  11.000000  +4.916593e+02 +  1.20e-05  3.75e-04  YES  -2.924202e+02 +7.899123e+01 +7.050882e+02 -3.729472e-01 1.1584    0.3907   
  11.090170  +4.481855e+02 +  8.39e-06  3.62e-04  YES  -2.930473e+02 +4.822612e+01 +6.930067e+02 -3.953512e-01 1.1595    0.3896   
  11.180340  +4.108575e+02 +  4.88e-06  3.50e-04  YES  -2.936748e+02 +1.965872e+01 +6.848735e+02 -4.168365e-01 1.1607    0.3886   
  11.224884  +3.949499e+02 +  6.00e-06  3.44e-04  YES  -2.939838e+02 +6.755637e+00 +6.821781e+02 -4.267230e-01 1.1612    0.3881   
  11.269428  +3.808400e+02 +  7.32e-06  3.38e-04  YES  -2.942918e+02 -5.148950e+00 +6.802808e+02 -4.359027e-01 1.1618    0.3876   
  11.291568  +3.745202e+02 +  7.63e-06  3.36e-04  YES  -2.944444e+02 -1.065192e+01 +6.796165e+02 -4.401494e-01 1.1621    0.3873   
  11.313708  +3.686724e+02 +  7.63e-06  3.33e-04  YES  -2.945966e+02 -1.585871e+01 +6.791276e+02 -4.441585e-01 1.1623    0.3871   
  11.379616  +3.541271e+02 +  6.20e-06  3.25e-04  YES  -2.950469e+02 -2.946435e+01 +6.786384e+02 -4.544959e-01 1.1631    0.3863   
  11.445523  +3.439732e+02 +  4.08e-06  3.17e-04  YES  -2.954927e+02 -3.998057e+01 +6.794464e+02 -4.620929e-01 1.1640    0.3856   
  11.575112  +3.369984e+02 +  5.42e-06  3.02e-04  YES  -2.963530e+02 -5.075367e+01 +6.841051e+02 -4.679125e-01 1.1655    0.3841   
  11.704700  +3.467428e+02 +  4.36e-06  2.88e-04  YES  -2.971896e+02 -4.782548e+01 +6.917579e+02 -4.615230e-01 1.1671    0.3827   
  11.747263  +3.533379e+02 +  3.59e-06  2.84e-04  YES  -2.974589e+02 -4.393504e+01 +6.947319e+02 -4.570688e-01 1.1676    0.3823   
  11.789826  +3.614762e+02 +  3.40e-06  2.80e-04  YES  -2.977256e+02 -3.867321e+01 +6.978751e+02 -4.516456e-01 1.1682    0.3818   
  11.998191  +4.200132e+02 +  4.25e-06  2.60e-04  YES  -2.989951e+02 +4.224361e+00 +7.147839e+02 -4.158437e-01 1.1707    0.3796   
  12.206556  +4.985276e+02 +  4.11e-06  2.42e-04  YES  -3.002151e+02 +6.628474e+01 +7.324579e+02 -3.758596e-01 1.1732    0.3774   
  12.247381  +5.148569e+02 +  4.05e-06  2.39e-04  YES  -3.004499e+02 +7.944494e+01 +7.358618e+02 -3.685114e-01 1.1736    0.3770   
  12.288206  +5.312059e+02 +  4.13e-06  2.36e-04  YES  -3.006837e+02 +9.266628e+01 +7.392233e+02 -3.614466e-01 1.1741    0.3766   
  12.409085  +5.786070e+02 +  3.79e-06  2.27e-04  YES  -3.013716e+02 +1.311364e+02 +7.488422e+02 -3.424760e-01 1.1756    0.3754   
  12.529964  +6.223439e+02 +  3.45e-06  2.18e-04  YES  -3.020560e+02 +1.666200e+02 +7.577799e+02 -3.267590e-01 1.1770    0.3742   
  12.648555  +6.593629e+02 +  3.99e-06  2.10e-04  YES  -3.027274e+02 +1.964507e+02 +7.656396e+02 -3.146559e-01 1.1784    0.3731   
  12.767145  +6.887234e+02 +  2.68e-06  2.02e-04  YES  -3.034017e+02 +2.198050e+02 +7.723200e+02 -3.058099e-01 1.1798    0.3719   
  12.844997  +7.031784e+02 +  3.13e-06  1.97e-04  YES  -3.038468e+02 +2.311090e+02 +7.759162e+02 -3.017271e-01 1.1807    0.3712   
  12.922848  +7.134988e+02 +  3.56e-06  1.93e-04  YES  -3.042945e+02 +2.390141e+02 +7.787792e+02 -2.989747e-01 1.1816    0.3704   
  12.961424  +7.170264e+02 +  3.22e-06  1.90e-04  YES  -3.045173e+02 +2.416457e+02 +7.798979e+02 -2.980952e-01 1.1820    0.3701   
  13.000000  +7.194850e+02 +  2.72e-06  1.88e-04  YES  -3.047408e+02 +2.434224e+02 +7.808034e+02 -2.975328e-01 1.1825    0.3697   
  13.076473  +7.211779e+02 +  2.30e-06  1.84e-04  YES  -3.051860e+02 +2.444358e+02 +7.819281e+02 -2.973468e-01 1.1833    0.3690   
  13.152946  +7.186567e+02 +  2.75e-06  1.80e-04  YES  -3.056340e+02 +2.421891e+02 +7.821015e+02 -2.983860e-01 1.1842    0.3683   
  13.266017  +7.074055e+02 +  2.52e-06  1.74e-04  YES  -3.063011e+02 +2.332158e+02 +7.804908e+02 -3.021595e-01 1.1855    0.3673   
  13.379088  +6.877031e+02 +  2.11e-06  1.68e-04  YES  -3.069733e+02 +2.181294e+02 +7.765470e+02 -3.086163e-01 1.1868    0.3663   
  13.416356  +6.794979e+02 +  2.24e-06  1.66e-04  YES  -3.071958e+02 +2.119651e+02 +7.747286e+02 -3.113385e-01 1.1872    0.3659   
  13.453624  +6.705056e+02 +  2.32e-06  1.64e-04  YES  -3.074186e+02 +2.052693e+02 +7.726549e+02 -3.143584e-01 1.1876    0.3656   
  13.636950  +6.162801e+02 +  2.10e-06  1.56e-04  YES  -3.085188e+02 +1.659098e+02 +7.588891e+02 -3.336064e-01 1.1897    0.3640   
  13.820275  +5.498689e+02 +  1.69e-06  1.48e-04  YES  -3.096207e+02 +1.195516e+02 +7.399380e+02 -3.602379e-01 1.1917    0.3624   
  13.856359  +5.359315e+02 +  1.82e-06  1.47e-04  YES  -3.098372e+02 +1.100477e+02 +7.357210e+02 -3.663380e-01 1.1921    0.3621   
  13.892444  +5.218346e+02 +  1.97e-06  1.45e-04  YES  -3.100536e+02 +1.005119e+02 +7.313763e+02 -3.727106e-01 1.1925    0.3618   
  13.964056  +4.935969e+02 +  1.98e-06  1.42e-04  YES  -3.104820e+02 +8.164295e+01 +7.224360e+02 -3.861338e-01 1.1933    0.3612   
  14.035669  +4.653577e+02 +  1.57e-06  1.40e-04  YES  -3.109092e+02 +6.308960e+01 +7.131772e+02 -4.005184e-01 1.1941    0.3606   
  14.071202  +4.514707e+02 +  1.42e-06  1.38e-04  YES  -3.111205e+02 +5.408658e+01 +7.085046e+02 -4.079781e-01 1.1945    0.3603   
  14.106736  +4.377314e+02 +  1.41e-06  1.37e-04  YES  -3.113314e+02 +4.526147e+01 +7.038014e+02 -4.156279e-01 1.1949    0.3600   
  ### VERIFIED-EST 119 of 119 ; P - PR + A negative beyond B : NONE ; positive 116 ; undecided [1.3, 1.35, 1.41]
  ### the narrowest such width : None ; the realized growth G there : None (k`s: None)
  ### the pair (OFF-LINE) negative at 119, positive at 0 ; pair / rest from -4.679e-01 to -3.092e-05 ; at the widest cell (a = 14.106736) -4.156279e-01
  ### shortfall ESTIMATE above B at : NONE

### (B) EDGE-WEIGHTED -- XI. ### VERIFIED-EST iff |r| <= B ; signs decided beyond B ; the shortfall an ESTIMATE outside B.
  a          P - PR + A    s  |r|       B         VER  pair          others        on-line       pair / rest   G         G/e^dL   
  1.300000   +6.125730e+06 +  1.80e+02  1.79e+02  no   +2.683307e-07 +0.000000e+00 +6.125910e+06 +4.380259e-14 1.0018    0.8895   
  1.350000   +2.248442e+06 +  3.92e+01  3.91e+01  no   +3.156457e-07 +0.000000e+00 +2.248482e+06 +1.403817e-13 1.0024    0.8749   
  1.410000   +4.491157e+05 +  7.85e-01  7.71e-01  no   +2.998166e-07 +0.000000e+00 +4.491165e+05 +6.675698e-13 1.0031    0.8584   
  1.500000   +1.268508e+05 +  4.76e-02  4.71e-02  no   +2.265492e-07 +0.000000e+00 +1.268508e+05 +1.785950e-12 1.0043    0.8357   
  1.700000   +1.476097e+05 +  2.50e-02  2.48e-02  no   +2.710503e-07 +0.000000e+00 +1.476097e+05 +1.836264e-12 1.0074    0.7921   
  1.900000   +1.876779e+04 +  3.30e-04  3.27e-04  no   +2.481005e-07 +0.000000e+00 +1.876780e+04 +1.321948e-11 1.0109    0.7557   
  1.990000   +2.635374e+04 +  6.76e-04  6.72e-04  no   +2.295959e-07 +0.000000e+00 +2.635374e+04 +8.712079e-12 1.0125    0.7412   
  2.000000   +2.694415e+04 +  7.05e-04  7.02e-04  no   +2.292714e-07 +0.000000e+00 +2.694415e+04 +8.509132e-12 1.0127    0.7397   
  2.010000   +2.747010e+04 +  7.27e-04  7.24e-04  no   +2.292998e-07 +0.000000e+00 +2.747010e+04 +8.347251e-12 1.0129    0.7381   
  2.100000   +2.675732e+04 +  3.96e-04  3.93e-04  no   +2.422671e-07 +0.000000e+00 +2.675733e+04 +9.054236e-12 1.0146    0.7248   
  2.400000   +8.043735e+03 +  1.71e-05  1.69e-05  no   +2.581716e-07 +0.000000e+00 +8.043735e+03 +3.209599e-11 1.0203    0.6861   
  2.800000   +5.809088e+03 +  5.43e-06  5.38e-06  no   +2.567633e-07 +0.000000e+00 +5.809088e+03 +4.420028e-11 1.0281    0.6447   
  3.000000   +2.153696e+03 +  2.07e-06  2.05e-06  no   +2.625911e-07 +0.000000e+00 +2.153697e+03 +1.219257e-10 1.0321    0.6273   
  3.158312   +3.125089e+03 +  9.01e-07  8.95e-07  no   +2.508427e-07 +0.000000e+00 +3.125089e+03 +8.026737e-11 1.0352    0.6147   
  3.316625   +2.427797e+03 +  5.61e-07  5.55e-07  no   +2.435973e-07 +0.000000e+00 +2.427797e+03 +1.003368e-10 1.0383    0.6030   
  3.461088   +2.846451e+03 +  5.26e-07  5.21e-07  no   +2.470961e-07 +0.000000e+00 +2.846451e+03 +8.680849e-11 1.0411    0.5930   
  3.605551   +2.289673e+03 +  4.58e-07  4.54e-07  no   +2.549625e-07 +0.000000e+00 +2.289673e+03 +1.113533e-10 1.0439    0.5837   
  3.802776   +1.006584e+03 +  2.29e-07  2.27e-07  no   +2.597242e-07 +0.000000e+00 +1.006584e+03 +2.580254e-10 1.0476    0.5718   
  4.000000   +1.189010e+03 +  1.13e-07  1.13e-07  no   +2.542766e-07 +0.000000e+00 +1.189010e+03 +2.138557e-10 1.0514    0.5609   
  4.061553   +1.457695e+03 +  8.45e-08  8.37e-08  no   +2.518838e-07 +0.000000e+00 +1.457695e+03 +1.727960e-10 1.0525    0.5576   
  4.123106   +1.658807e+03 +  6.90e-08  6.83e-08  no   +2.497648e-07 +0.000000e+00 +1.658807e+03 +1.505689e-10 1.0537    0.5544   
  4.241002   +1.642492e+03 +  6.25e-08  6.19e-08  no   +2.472967e-07 +0.000000e+00 +1.642492e+03 +1.505619e-10 1.0559    0.5485   
  4.358899   +1.206969e+03 +  6.52e-08  6.46e-08  no   +2.473941e-07 +0.000000e+00 +1.206969e+03 +2.049714e-10 1.0580    0.5429   
  4.577365   +6.672898e+02 +  5.78e-08  5.73e-08  no   +2.522185e-07 +0.000000e+00 +6.672898e+02 +3.779745e-10 1.0620    0.5330   
  4.795832   +5.475282e+02 +  3.50e-08  3.48e-08  no   +2.565401e-07 +0.000000e+00 +5.475282e+02 +4.685422e-10 1.0660    0.5238   
  4.897916   +5.375131e+02 +  2.78e-08  2.76e-08  no   +2.568775e-07 +0.000000e+00 +5.375131e+02 +4.778999e-10 1.0678    0.5197   
  5.000000   +5.901208e+02 +  2.00e-08  1.99e-08  no   +2.561077e-07 +0.000000e+00 +5.901208e+02 +4.339919e-10 1.0696    0.5157   
  5.098076   +6.495325e+02 +  1.46e-08  1.45e-08  no   +2.546392e-07 +0.000000e+00 +6.495325e+02 +3.920346e-10 1.0713    0.5120   
  5.196152   +6.479165e+02 +  1.23e-08  1.22e-08  no   +2.528731e-07 +0.000000e+00 +6.479165e+02 +3.902866e-10 1.0730    0.5084   
  5.290659   +5.724224e+02 +  1.16e-08  1.15e-08  no   +2.512703e-07 +0.000000e+00 +5.724224e+02 +4.389595e-10 1.0747    0.5051   
  5.385165   +4.656685e+02 +  1.14e-08  1.13e-08  no   +2.500550e-07 +0.000000e+00 +4.656685e+02 +5.369807e-10 1.0763    0.5018   
  5.476465   +3.888680e+02 +  1.13e-08  1.12e-08  no   +2.494103e-07 +0.000000e+00 +3.888680e+02 +6.413753e-10 1.0779    0.4987   
  5.567764   +3.733452e+02 +  1.09e-08  1.08e-08  no   +2.493315e-07 +0.000000e+00 +3.733452e+02 +6.678309e-10 1.0794    0.4957   
  5.612309   +3.898300e+02 +  1.06e-08  1.05e-08  no   +2.494859e-07 +0.000000e+00 +3.898300e+02 +6.399865e-10 1.0802    0.4942   
  5.656854   +4.194530e+02 +  1.02e-08  1.01e-08  no   +2.497510e-07 +0.000000e+00 +4.194530e+02 +5.954208e-10 1.0809    0.4928   
  5.869808   +6.256394e+02 +  8.08e-09  8.03e-09  no   +2.519880e-07 +0.000000e+00 +6.256394e+02 +4.027688e-10 1.0845    0.4862   
  6.082763   +7.062191e+02 +  6.19e-09  6.14e-09  no   +2.542607e-07 +0.000000e+00 +7.062191e+02 +3.600309e-10 1.0881    0.4800   
  6.242943   +6.585983e+02 +  4.44e-09  4.41e-09  no   +2.550334e-07 +0.000000e+00 +6.585983e+02 +3.872367e-10 1.0907    0.4755   
  6.403124   +5.767640e+02 +  3.39e-09  3.37e-09  no   +2.548026e-07 +0.000000e+00 +5.767640e+02 +4.417796e-10 1.0933    0.4712   
  6.480281   +5.352684e+02 +  3.16e-09  3.14e-09  no   +2.543976e-07 +0.000000e+00 +5.352684e+02 +4.752710e-10 1.0945    0.4692   
  6.557439   +4.936371e+02 +  3.00e-09  2.99e-09  no   +2.538656e-07 +0.000000e+00 +4.936371e+02 +5.142757e-10 1.0957    0.4672   
  6.706547   +4.109448e+02 +  2.78e-09  2.77e-09  no   +2.526839e-07 +0.000000e+00 +4.109448e+02 +6.148851e-10 1.0981    0.4635   
  6.855655   +3.235791e+02 +  2.55e-09  2.54e-09  no   +2.516125e-07 +0.000000e+00 +3.235791e+02 +7.775920e-10 1.1005    0.4599   
  6.927827   +2.812411e+02 +  2.39e-09  2.39e-09  no   +2.512206e-07 +0.000000e+00 +2.812411e+02 +8.932572e-10 1.1016    0.4582   
  7.000000   +2.410749e+02 +  2.22e-09  2.21e-09  no   +2.509395e-07 +0.000000e+00 +2.410749e+02 +1.040919e-09 1.1027    0.4565   
  7.140055   +1.774390e+02 +  2.00e-09  2.00e-09  no   +2.507374e-07 +0.000000e+00 +1.774390e+02 +1.413090e-09 1.1049    0.4533   
  7.280110   +1.438301e+02 +  1.88e-09  1.87e-09  no   +2.509623e-07 +0.000000e+00 +1.438301e+02 +1.744853e-09 1.1070    0.4502   
  7.480628   +1.522155e+02 +  1.68e-09  1.67e-09  no   +2.518023e-07 +0.000000e+00 +1.522155e+02 +1.654249e-09 1.1101    0.4459   
  7.681146   +1.940387e+02 +  1.30e-09  1.30e-09  YES  +2.528314e-07 +0.000000e+00 +1.940387e+02 +1.302994e-09 1.1131    0.4418   
  7.745698   +2.062995e+02 +  1.20e-09  1.20e-09  YES  +2.531281e-07 +0.000000e+00 +2.062995e+02 +1.226993e-09 1.1140    0.4405   
  7.810250   +2.159191e+02 +  1.10e-09  1.10e-09  no   +2.533875e-07 +0.000000e+00 +2.159191e+02 +1.173530e-09 1.1150    0.4392   
  7.905125   +2.243630e+02 +  1.00e-09  9.99e-10  no   +2.536839e-07 +0.000000e+00 +2.243630e+02 +1.130685e-09 1.1164    0.4374   
  8.000000   +2.264149e+02 +  9.40e-10  9.38e-10  no   +2.538653e-07 +0.000000e+00 +2.264149e+02 +1.121239e-09 1.1178    0.4355   
  8.092676   +2.239857e+02 +  9.00e-10  8.97e-10  no   +2.539264e-07 +0.000000e+00 +2.239857e+02 +1.133672e-09 1.1191    0.4338   
  8.185353   +2.194789e+02 +  8.67e-10  8.65e-10  no   +2.538782e-07 +0.000000e+00 +2.194789e+02 +1.156732e-09 1.1205    0.4321   
  8.305751   +2.138918e+02 +  8.22e-10  8.22e-10  no   +2.536748e-07 +0.000000e+00 +2.138917e+02 +1.185996e-09 1.1222    0.4299   
  8.426150   +2.110505e+02 +  7.62e-10  7.63e-10  YES  +2.533533e-07 +0.000000e+00 +2.110505e+02 +1.200440e-09 1.1240    0.4278   
  8.485077   +2.108471e+02 +  7.28e-10  7.27e-10  no   +2.531686e-07 +0.000000e+00 +2.108471e+02 +1.200721e-09 1.1248    0.4267   
  8.544004   +2.112708e+02 +  6.95e-10  6.94e-10  no   +2.529745e-07 +0.000000e+00 +2.112708e+02 +1.197394e-09 1.1256    0.4257   
  8.716099   +2.139194e+02 +  6.10e-10  6.11e-10  YES  +2.524100e-07 +0.000000e+00 +2.139194e+02 +1.179931e-09 1.1281    0.4228   
  8.888194   +2.138879e+02 +  5.61e-10  5.63e-10  YES  +2.519481e-07 +0.000000e+00 +2.138879e+02 +1.177945e-09 1.1305    0.4200   
  8.944097   +2.125489e+02 +  5.52e-10  5.54e-10  YES  +2.518360e-07 +0.000000e+00 +2.125489e+02 +1.184838e-09 1.1313    0.4191   
  9.000000   +2.104534e+02 +  5.44e-10  5.46e-10  YES  +2.517457e-07 +0.000000e+00 +2.104534e+02 +1.196206e-09 1.1320    0.4182   
  9.055217   +2.076548e+02 +  5.36e-10  5.37e-10  YES  +2.516791e-07 +0.000000e+00 +2.076548e+02 +1.212007e-09 1.1328    0.4173   
  9.110434   +2.041896e+02 +  5.27e-10  5.29e-10  YES  +2.516352e-07 +0.000000e+00 +2.041896e+02 +1.232360e-09 1.1336    0.4164   
  9.272207   +1.912467e+02 +  4.87e-10  4.92e-10  YES  +2.516345e-07 +0.000000e+00 +1.912467e+02 +1.315759e-09 1.1358    0.4139   
  9.433981   +1.771902e+02 +  4.26e-10  4.32e-10  YES  +2.517996e-07 +0.000000e+00 +1.771902e+02 +1.421069e-09 1.1380    0.4115   
  9.641419   +1.641741e+02 +  3.39e-10  3.43e-10  YES  +2.521716e-07 +0.000000e+00 +1.641741e+02 +1.536001e-09 1.1408    0.4084   
  9.848858   +1.620139e+02 +  2.96e-10  2.97e-10  YES  +2.526021e-07 +0.000000e+00 +1.620139e+02 +1.559139e-09 1.1436    0.4055   
  9.949367   +1.650285e+02 +  2.85e-10  2.86e-10  YES  +2.527950e-07 +0.000000e+00 +1.650285e+02 +1.531826e-09 1.1449    0.4041   
  10.049876  +1.700276e+02 +  2.78e-10  2.79e-10  YES  +2.529622e-07 +0.000000e+00 +1.700276e+02 +1.487772e-09 1.1462    0.4027   
  10.099384  +1.729749e+02 +  2.75e-10  2.75e-10  no   +2.530326e-07 +0.000000e+00 +1.729749e+02 +1.462829e-09 1.1469    0.4021   
  10.148892  +1.760956e+02 +  2.72e-10  2.72e-10  YES  +2.530941e-07 +0.000000e+00 +1.760956e+02 +1.437254e-09 1.1475    0.4014   
  10.246486  +1.823181e+02 +  2.63e-10  2.64e-10  YES  +2.531872e-07 +0.000000e+00 +1.823181e+02 +1.388712e-09 1.1488    0.4001   
  10.344080  +1.879482e+02 +  2.51e-10  2.53e-10  YES  +2.532414e-07 +0.000000e+00 +1.879482e+02 +1.347400e-09 1.1500    0.3988   
  10.392193  +1.902844e+02 +  2.46e-10  2.48e-10  YES  +2.532538e-07 +0.000000e+00 +1.902844e+02 +1.330922e-09 1.1507    0.3982   
  10.440307  +1.922368e+02 +  2.41e-10  2.43e-10  YES  +2.532569e-07 +0.000000e+00 +1.922368e+02 +1.317422e-09 1.1513    0.3976   
  10.535226  +1.947725e+02 +  2.25e-10  2.28e-10  YES  +2.532373e-07 +0.000000e+00 +1.947725e+02 +1.300170e-09 1.1525    0.3964   
  10.630146  +1.953913e+02 +  2.15e-10  2.19e-10  YES  +2.531867e-07 +0.000000e+00 +1.953913e+02 +1.295793e-09 1.1537    0.3952   
  10.815073  +1.912522e+02 +  2.00e-10  2.03e-10  YES  +2.530178e-07 +0.000000e+00 +1.912522e+02 +1.322954e-09 1.1561    0.3929   
  11.000000  +1.818962e+02 +  1.91e-10  1.95e-10  YES  +2.527930e-07 +0.000000e+00 +1.818962e+02 +1.389765e-09 1.1584    0.3907   
  11.090170  +1.764211e+02 +  1.88e-10  1.92e-10  YES  +2.526768e-07 +0.000000e+00 +1.764211e+02 +1.432237e-09 1.1595    0.3896   
  11.180340  +1.708791e+02 +  1.85e-10  1.89e-10  YES  +2.525630e-07 +0.000000e+00 +1.708791e+02 +1.478021e-09 1.1607    0.3886   
  11.224884  +1.682217e+02 +  1.83e-10  1.87e-10  YES  +2.525090e-07 +0.000000e+00 +1.682217e+02 +1.501049e-09 1.1612    0.3881   
  11.269428  +1.656633e+02 +  1.81e-10  1.85e-10  YES  +2.524572e-07 +0.000000e+00 +1.656633e+02 +1.523918e-09 1.1618    0.3876   
  11.291568  +1.644372e+02 +  1.79e-10  1.84e-10  YES  +2.524324e-07 +0.000000e+00 +1.644372e+02 +1.535130e-09 1.1621    0.3873   
  11.313708  +1.632452e+02 +  1.78e-10  1.84e-10  YES  +2.524082e-07 +0.000000e+00 +1.632452e+02 +1.546190e-09 1.1623    0.3871   
  11.379616  +1.599215e+02 +  1.75e-10  1.79e-10  YES  +2.523408e-07 +0.000000e+00 +1.599215e+02 +1.577904e-09 1.1631    0.3863   
  11.445523  +1.569651e+02 +  1.70e-10  1.75e-10  YES  +2.522809e-07 +0.000000e+00 +1.569651e+02 +1.607242e-09 1.1640    0.3856   
  11.575112  +1.522609e+02 +  1.58e-10  1.63e-10  YES  +2.521880e-07 +0.000000e+00 +1.522609e+02 +1.656289e-09 1.1655    0.3841   
  11.704700  +1.488464e+02 +  1.45e-10  1.50e-10  YES  +2.521312e-07 +0.000000e+00 +1.488464e+02 +1.693902e-09 1.1671    0.3827   
  11.747263  +1.479322e+02 +  1.39e-10  1.44e-10  YES  +2.521206e-07 +0.000000e+00 +1.479322e+02 +1.704299e-09 1.1676    0.3823   
  11.789826  +1.470852e+02 +  1.34e-10  1.38e-10  YES  +2.521140e-07 +0.000000e+00 +1.470852e+02 +1.714068e-09 1.1682    0.3818   
  11.998191  +1.431053e+02 +  1.13e-10  1.17e-10  YES  +2.521352e-07 +0.000000e+00 +1.431053e+02 +1.761885e-09 1.1707    0.3796   
  12.206556  +1.373558e+02 +  9.96e-11  1.05e-10  YES  +2.522309e-07 +0.000000e+00 +1.373558e+02 +1.836332e-09 1.1732    0.3774   
  12.247381  +1.358183e+02 +  9.77e-11  1.03e-10  YES  +2.522561e-07 +0.000000e+00 +1.358183e+02 +1.857306e-09 1.1736    0.3770   
  12.288206  +1.341157e+02 +  9.66e-11  1.02e-10  YES  +2.522829e-07 +0.000000e+00 +1.341157e+02 +1.881084e-09 1.1741    0.3766   
  12.409085  +1.280340e+02 +  9.30e-11  9.86e-11  YES  +2.523695e-07 +0.000000e+00 +1.280340e+02 +1.971114e-09 1.1756    0.3754   
  12.529964  +1.203339e+02 +  9.05e-11  9.53e-11  YES  +2.524620e-07 +0.000000e+00 +1.203339e+02 +2.098012e-09 1.1770    0.3742   
  12.648555  +1.112629e+02 +  8.67e-11  9.18e-11  YES  +2.525529e-07 +0.000000e+00 +1.112629e+02 +2.269876e-09 1.1784    0.3731   
  12.767145  +1.008858e+02 +  8.23e-11  8.77e-11  YES  +2.526392e-07 +0.000000e+00 +1.008858e+02 +2.504208e-09 1.1798    0.3719   
  12.844997  +9.350805e+01 +  8.01e-11  8.45e-11  YES  +2.526912e-07 +0.000000e+00 +9.350805e+01 +2.702347e-09 1.1807    0.3712   
  12.922848  +8.580599e+01 +  7.75e-11  8.16e-11  YES  +2.527384e-07 +0.000000e+00 +8.580599e+01 +2.945463e-09 1.1816    0.3704   
  12.961424  +8.190565e+01 +  7.63e-11  8.06e-11  YES  +2.527597e-07 +0.000000e+00 +8.190565e+01 +3.085986e-09 1.1820    0.3701   
  13.000000  +7.796991e+01 +  7.49e-11  7.90e-11  YES  +2.527796e-07 +0.000000e+00 +7.796991e+01 +3.242015e-09 1.1825    0.3697   
  13.076473  +7.012414e+01 +  7.26e-11  7.65e-11  YES  +2.528144e-07 +0.000000e+00 +7.012414e+01 +3.605241e-09 1.1833    0.3690   
  13.152946  +6.232324e+01 +  7.09e-11  7.46e-11  YES  +2.528428e-07 +0.000000e+00 +6.232324e+01 +4.056959e-09 1.1842    0.3683   
  13.266017  +5.113174e+01 +  6.97e-11  7.34e-11  YES  +2.528726e-07 +0.000000e+00 +5.113174e+01 +4.945511e-09 1.1855    0.3673   
  13.379088  +4.068931e+01 +  6.88e-11  7.16e-11  YES  +2.528876e-07 +0.000000e+00 +4.068931e+01 +6.215086e-09 1.1868    0.3663   
  13.416356  +3.747250e+01 +  6.90e-11  7.14e-11  YES  +2.528893e-07 +0.000000e+00 +3.747250e+01 +6.748665e-09 1.1872    0.3659   
  13.453624  +3.438704e+01 +  6.88e-11  7.15e-11  YES  +2.528896e-07 +0.000000e+00 +3.438704e+01 +7.354212e-09 1.1876    0.3656   
  13.636950  +2.146487e+01 +  6.89e-11  7.08e-11  YES  +2.528701e-07 +0.000000e+00 +2.146487e+01 +1.178065e-08 1.1897    0.3640   
  13.820275  +1.299382e+01 +  6.83e-11  7.01e-11  YES  +2.528214e-07 +0.000000e+00 +1.299382e+01 +1.945704e-08 1.1917    0.3624   
  13.856359  +1.190880e+01 +  6.82e-11  6.99e-11  YES  +2.528090e-07 +0.000000e+00 +1.190880e+01 +2.122875e-08 1.1921    0.3621   
  13.892444  +1.102214e+01 +  6.79e-11  7.00e-11  YES  +2.527960e-07 +0.000000e+00 +1.102214e+01 +2.293528e-08 1.1925    0.3618   
  13.964056  +9.854574e+00 +  6.75e-11  6.95e-11  YES  +2.527682e-07 +0.000000e+00 +9.854574e+00 +2.564984e-08 1.1933    0.3612   
  14.035669  +9.474825e+00 +  6.71e-11  6.91e-11  YES  +2.527385e-07 +0.000000e+00 +9.474824e+00 +2.667474e-08 1.1941    0.3606   
  14.071202  +9.576371e+00 +  6.72e-11  6.89e-11  YES  +2.527232e-07 +0.000000e+00 +9.576371e+00 +2.639029e-08 1.1945    0.3603   
  14.106736  +9.867601e+00 +  6.61e-11  6.84e-11  YES  +2.527076e-07 +0.000000e+00 +9.867601e+00 +2.560983e-08 1.1949    0.3600   
  ### VERIFIED-EST 62 of 119 ; P - PR + A negative beyond B : NONE ; positive 62 ; undecided NONE
  ### the narrowest such width : None ; the realized growth G there : None (k`s: None)
  ### the pair (ON-LINE) negative at 0, positive at 119 ; pair / rest from +4.380e-14 to +2.667e-08 ; at the widest cell (a = 14.106736) +2.560983e-08
  ### shortfall ESTIMATE above B at : [1.5]

### (C) BOTH -- Q0. ### VERIFIED-EST iff |r| <= B ; signs decided beyond B ; the shortfall an ESTIMATE outside B.
  a          P - PR + A    s  |r|       B         VER  pair          others        on-line       pair / rest   G         G/e^dL   
  1.300000   +7.051220e+26 ?  7.04e+26  1.13e+28  YES  -6.172124e+09 +2.453560e+22 +7.029053e+23 -8.484709e-15 1.0018    0.8895   
  1.350000   +4.686080e+25 ?  4.67e+25  1.98e+27  YES  -5.834829e+09 +2.010233e+22 +1.089224e+23 -4.522256e-14 1.0024    0.8749   
  1.410000   +5.251274e+24 ?  5.21e+24  3.47e+26  YES  -4.602112e+09 +5.917578e+21 +3.399205e+22 -1.153133e-13 1.0031    0.8584   
  1.500000   +2.827693e+24 ?  2.71e+24  4.04e+25  YES  -4.245497e+09 +1.892840e+22 +1.008895e+23 -3.543291e-14 1.0043    0.8357   
  1.700000   +4.085978e+22 ?  3.28e+22  8.04e+23  YES  -5.331909e+09 +6.898727e+20 +7.326284e+21 -6.651453e-13 1.0074    0.7921   
  1.900000   +9.558296e+21 ?  4.06e+21  1.86e+22  YES  -4.715279e+09 +8.487593e+20 +4.646274e+21 -8.580983e-13 1.0109    0.7557   
  1.990000   +3.868443e+21 ?  1.14e+21  4.66e+21  YES  -5.310845e+09 +4.645500e+20 +2.262797e+21 -1.947257e-12 1.0125    0.7412   
  2.000000   +3.428086e+21 ?  9.92e+20  4.04e+21  YES  -5.357657e+09 +4.345163e+20 +2.001274e+21 -2.199556e-12 1.0127    0.7396   
  2.010000   +3.029130e+21 ?  8.98e+20  3.50e+21  YES  -5.396665e+09 +3.338339e+20 +1.797362e+21 -2.532224e-12 1.0129    0.7381   
  2.100000   +9.745149e+20 ?  2.05e+20  1.05e+21  YES  -5.366953e+09 +1.009925e+20 +6.682810e+20 -6.976651e-12 1.0145    0.7248   
  2.400000   +2.162545e+20 +  6.26e+18  3.99e+19  YES  -5.003933e+09 +4.323087e+19 +1.667621e+20 -2.382905e-11 1.0203    0.6861   
  2.800000   +2.086767e+19 +  4.12e+16  1.64e+18  YES  -4.945784e+09 +1.323768e+18 +1.950270e+19 -2.374759e-10 1.0281    0.6447   
  3.000000   +1.459495e+19 +  4.33e+15  4.61e+17  YES  -5.159807e+09 +3.591055e+18 +1.099957e+19 -3.536386e-10 1.0320    0.6272   
  3.158312   +8.309187e+18 +  6.43e+14  1.88e+17  YES  -5.460484e+09 +2.413154e+18 +5.895390e+18 -6.572131e-10 1.0351    0.6146   
  3.316625   +4.631447e+18 +  1.14e+14  8.35e+16  YES  -5.370768e+09 +1.317156e+18 +3.314177e+18 -1.159659e-09 1.0382    0.6029   
  3.461088   +3.110435e+18 +  5.05e+13  4.23e+16  YES  -5.164814e+09 +9.508099e+17 +2.159574e+18 -1.660507e-09 1.0410    0.5930   
  3.605551   +2.332143e+18 +  4.55e+13  2.25e+16  YES  -5.146610e+09 +4.305109e+17 +1.901587e+18 -2.206859e-09 1.0438    0.5837   
  3.802776   +1.513325e+18 +  3.01e+13  1.02e+16  YES  -5.412763e+09 +2.863616e+17 +1.226933e+18 -3.576807e-09 1.0475    0.5718   
  4.000000   +1.046773e+18 +  1.29e+13  4.98e+15  YES  -5.571665e+09 +3.620864e+17 +6.846736e+17 -5.322772e-09 1.0513    0.5608   
  4.061553   +7.906890e+17 +  9.55e+12  4.03e+15  YES  -5.555427e+09 +1.570721e+17 +6.336074e+17 -7.026143e-09 1.0524    0.5576   
  4.123106   +5.829175e+17 +  7.56e+12  3.28e+15  YES  -5.515714e+09 +1.090906e+16 +5.720009e+17 -9.462377e-09 1.0536    0.5544   
  4.241002   +6.525920e+17 +  6.75e+12  2.24e+15  YES  -5.415432e+09 +2.157140e+17 +4.368712e+17 -8.298429e-09 1.0558    0.5485   
  4.358899   +4.589562e+17 +  6.15e+12  1.56e+15  YES  -5.347104e+09 +8.585843e+16 +3.730916e+17 -1.165073e-08 1.0579    0.5428   
  4.577365   +3.628550e+17 +  5.30e+12  8.32e+14  YES  -5.419502e+09 +6.441718e+16 +2.984325e+17 -1.493594e-08 1.0619    0.5329   
  4.795832   +2.393571e+17 +  3.50e+12  4.66e+14  YES  -5.628066e+09 +3.719273e+16 +2.021608e+17 -2.351361e-08 1.0658    0.5237   
  4.897916   +2.135690e+17 +  2.81e+12  3.61e+14  YES  -5.693633e+09 +2.798712e+16 +1.855790e+17 -2.665981e-08 1.0677    0.5196   
  5.000000   +2.073840e+17 +  2.15e+12  2.82e+14  YES  -5.716068e+09 +7.046966e+16 +1.369122e+17 -2.756301e-08 1.0695    0.5156   
  5.098076   +1.628789e+17 +  1.59e+12  2.24e+14  YES  -5.700073e+09 +3.965800e+16 +1.232193e+17 -3.499612e-08 1.0712    0.5119   
  5.196152   +1.149434e+17 +  1.24e+12  1.79e+14  YES  -5.661092e+09 +2.749181e+15 +1.121929e+17 -4.925167e-08 1.0729    0.5084   
  5.290659   +1.185129e+17 +  1.12e+12  1.46e+14  YES  -5.618763e+09 +2.473934e+16 +9.377240e+16 -4.741103e-08 1.0745    0.5050   
  5.385165   +1.262073e+17 +  1.09e+12  1.19e+14  YES  -5.587043e+09 +4.019337e+16 +8.601283e+16 -4.426916e-08 1.0762    0.5017   
  5.476465   +1.096361e+17 +  1.11e+12  9.85e+13  YES  -5.576316e+09 +2.334591e+16 +8.628910e+16 -5.086255e-08 1.0777    0.4986   
  5.567764   +9.255615e+16 +  1.08e+12  8.19e+13  YES  -5.589203e+09 +1.187101e+16 +8.068407e+16 -6.038786e-08 1.0793    0.4956   
  5.612309   +8.770137e+16 +  9.08e+11  7.50e+13  YES  -5.603834e+09 +1.260419e+16 +7.509627e+16 -6.389743e-08 1.0800    0.4942   
  5.656854   +8.358989e+16 +  9.64e+11  6.88e+13  YES  -5.623270e+09 +1.496260e+16 +6.862633e+16 -6.727290e-08 1.0808    0.4928   
  5.869808   +6.421860e+16 +  7.50e+11  4.60e+13  YES  -5.755065e+09 +1.655796e+16 +4.765990e+16 -8.961783e-08 1.0844    0.4862   
  6.082763   +5.984142e+16 +  4.85e+11  3.15e+13  YES  -5.871626e+09 +9.651251e+15 +5.018969e+16 -9.812055e-08 1.0879    0.4799   
  6.242943   +4.593371e+16 +  4.82e+11  2.41e+13  YES  -5.905443e+09 +9.981266e+15 +3.595197e+16 -1.285658e-07 1.0905    0.4755   
  6.403124   +3.757103e+16 +  3.22e+11  1.86e+13  YES  -5.894135e+09 +8.079880e+15 +2.949083e+16 -1.568811e-07 1.0931    0.4711   
  6.480281   +3.445813e+16 +  3.27e+11  1.64e+13  YES  -5.879432e+09 +5.727582e+15 +2.873022e+16 -1.706270e-07 1.0943    0.4691   
  6.557439   +3.243010e+16 +  2.17e+11  1.46e+13  YES  -5.863357e+09 +4.920726e+15 +2.750916e+16 -1.808010e-07 1.0956    0.4671   
  6.706547   +3.191369e+16 +  1.95e+11  1.17e+13  YES  -5.840200e+09 +7.394084e+15 +2.451942e+16 -1.830009e-07 1.0979    0.4634   
  6.855655   +2.983613e+16 +  1.88e+11  9.38e+12  YES  -5.840982e+09 +7.723204e+15 +2.211274e+16 -1.957700e-07 1.1003    0.4598   
  6.927827   +2.744890e+16 +  2.43e+11  8.47e+12  YES  -5.852147e+09 +6.485713e+15 +2.096295e+16 -2.132033e-07 1.1014    0.4581   
  7.000000   +2.495652e+16 +  1.80e+11  7.66e+12  YES  -5.870122e+09 +5.060519e+15 +1.989583e+16 -2.352156e-07 1.1025    0.4564   
  7.140055   +2.151599e+16 +  1.71e+11  6.33e+12  YES  -5.920760e+09 +3.090834e+15 +1.842499e+16 -2.751817e-07 1.1047    0.4532   
  7.280110   +1.936101e+16 +  1.60e+11  5.26e+12  YES  -5.983094e+09 +2.519222e+15 +1.684163e+16 -3.090305e-07 1.1068    0.4501   
  7.480628   +1.688523e+16 +  1.32e+11  4.08e+12  YES  -6.068440e+09 +4.154615e+15 +1.273049e+16 -3.593960e-07 1.1099    0.4458   
  7.681146   +1.656287e+16 +  1.14e+11  3.19e+12  YES  -6.124738e+09 +5.181788e+15 +1.138098e+16 -3.697896e-07 1.1129    0.4417   
  7.745698   +1.616288e+16 +  9.36e+10  2.96e+12  YES  -6.134701e+09 +4.528245e+15 +1.163455e+16 -3.795570e-07 1.1138    0.4404   
  7.810250   +1.528049e+16 +  9.42e+10  2.74e+12  YES  -6.140853e+09 +3.518210e+15 +1.176219e+16 -4.018777e-07 1.1148    0.4391   
  7.905125   +1.326015e+16 +  8.12e+10  2.46e+12  YES  -6.143900e+09 +1.958001e+15 +1.130207e+16 -4.633383e-07 1.1162    0.4373   
  8.000000   +1.110192e+16 +  8.24e+10  2.21e+12  YES  -6.141569e+09 +9.789348e+14 +1.012291e+16 -5.532027e-07 1.1176    0.4354   
  8.092676   +9.670766e+15 +  6.76e+10  1.99e+12  YES  -6.136336e+09 +8.028567e+14 +8.867848e+15 -6.345283e-07 1.1189    0.4337   
  8.185353   +9.209028e+15 +  7.23e+10  1.80e+12  YES  -6.130482e+09 +1.107108e+15 +8.101854e+15 -6.657083e-07 1.1203    0.4320   
  8.305751   +9.590698e+15 +  5.43e+10  1.58e+12  YES  -6.125404e+09 +1.595634e+15 +7.995016e+15 -6.386850e-07 1.1220    0.4298   
  8.426150   +1.012117e+16 +  6.75e+10  1.39e+12  YES  -6.126568e+09 +1.993618e+15 +8.127493e+15 -6.053257e-07 1.1237    0.4277   
  8.485077   +1.022508e+16 +  5.09e+10  1.31e+12  YES  -6.130170e+09 +2.229765e+15 +7.995266e+15 -5.995258e-07 1.1246    0.4266   
  8.544004   +1.019142e+16 +  5.12e+10  1.23e+12  YES  -6.135973e+09 +2.515017e+15 +7.676361e+15 -6.020750e-07 1.1254    0.4256   
  8.716099   +9.352329e+15 +  4.23e+10  1.04e+12  YES  -6.165508e+09 +3.200001e+15 +6.152292e+15 -6.592509e-07 1.1278    0.4227   
  8.888194   +7.623263e+15 +  4.13e+10  8.79e+11  YES  -6.210832e+09 +2.417919e+15 +5.205308e+15 -8.147247e-07 1.1302    0.4199   
  8.944097   +6.954977e+15 +  3.96e+10  8.34e+11  YES  -6.227846e+09 +1.808551e+15 +5.146393e+15 -8.954560e-07 1.1310    0.4190   
  9.000000   +6.293179e+15 +  4.74e+10  7.91e+11  YES  -6.245497e+09 +1.132024e+15 +5.161114e+15 -9.924296e-07 1.1318    0.4181   
  9.055217   +5.691223e+15 +  4.47e+10  7.51e+11  YES  -6.263257e+09 +4.904473e+14 +5.200737e+15 -1.100519e-06 1.1325    0.4172   
  9.110434   +5.186378e+15 +  3.56e+10  7.14e+11  YES  -6.281048e+09 -3.646846e+13 +5.222817e+15 -1.211073e-06 1.1333    0.4163   
  9.272207   +4.579421e+15 +  3.79e+10  6.16e+11  YES  -6.330799e+09 -4.127818e+14 +4.992172e+15 -1.382455e-06 1.1355    0.4138   
  9.433981   +5.272504e+15 +  3.30e+10  5.34e+11  YES  -6.372726e+09 +7.734942e+14 +4.498983e+15 -1.208678e-06 1.1377    0.4114   
  9.641419   +6.401854e+15 +  2.71e+10  4.47e+11  YES  -6.410087e+09 +2.221987e+15 +4.179846e+15 -1.001289e-06 1.1405    0.4083   
  9.848858   +5.817098e+15 +  2.30e+10  3.76e+11  YES  -6.429320e+09 +1.902397e+15 +3.914684e+15 -1.105249e-06 1.1433    0.4054   
  9.949367   +4.979664e+15 +  2.29e+10  3.46e+11  YES  -6.433780e+09 +1.385873e+15 +3.593775e+15 -1.292015e-06 1.1446    0.4040   
  10.049876  +4.077383e+15 +  2.11e+10  3.19e+11  YES  -6.436396e+09 +8.919669e+14 +3.185401e+15 -1.578566e-06 1.1459    0.4026   
  10.099384  +3.676045e+15 +  1.95e+10  3.07e+11  YES  -6.437338e+09 +6.890963e+14 +2.986936e+15 -1.751165e-06 1.1466    0.4020   
  10.148892  +3.328269e+15 +  1.88e+10  2.95e+11  YES  -6.438224e+09 +5.178449e+14 +2.810411e+15 -1.934414e-06 1.1472    0.4013   
  10.246486  +2.836126e+15 +  1.95e+10  2.74e+11  YES  -6.440284e+09 +2.653507e+14 +2.570762e+15 -2.270814e-06 1.1485    0.4000   
  10.344080  +2.609893e+15 +  1.66e+10  2.54e+11  YES  -6.443471e+09 +1.059478e+14 +2.503935e+15 -2.468873e-06 1.1498    0.3987   
  10.392193  +2.586290e+15 +  1.54e+10  2.45e+11  YES  -6.445682e+09 +5.861186e+13 +2.527669e+15 -2.492259e-06 1.1504    0.3981   
  10.440307  +2.611478e+15 +  1.58e+10  2.36e+11  YES  -6.448412e+09 +3.410690e+13 +2.577362e+15 -2.469266e-06 1.1510    0.3975   
  10.535226  +2.772936e+15 +  1.65e+10  2.20e+11  YES  -6.455535e+09 +6.677026e+13 +2.706155e+15 -2.328059e-06 1.1522    0.3963   
  10.630146  +3.029075e+15 +  1.28e+10  2.05e+11  YES  -6.465196e+09 +2.277010e+14 +2.801367e+15 -2.134384e-06 1.1534    0.3951   
  10.815073  +3.551482e+15 +  1.38e+10  1.79e+11  YES  -6.491587e+09 +8.636822e+14 +2.687792e+15 -1.827857e-06 1.1558    0.3928   
  11.000000  +3.717957e+15 +  1.07e+10  1.58e+11  YES  -6.526931e+09 +1.472284e+15 +2.245669e+15 -1.755517e-06 1.1581    0.3906   
  11.090170  +3.579967e+15 +  1.17e+10  1.48e+11  YES  -6.546606e+09 +1.554999e+15 +2.024963e+15 -1.828680e-06 1.1592    0.3895   
  11.180340  +3.302783e+15 +  7.93e+09  1.39e+11  YES  -6.567311e+09 +1.444672e+15 +1.858110e+15 -1.988418e-06 1.1603    0.3885   
  11.224884  +3.125787e+15 +  7.20e+09  1.35e+11  YES  -6.577777e+09 +1.323737e+15 +1.802049e+15 -2.104359e-06 1.1609    0.3880   
  11.269428  +2.931081e+15 +  7.97e+09  1.31e+11  YES  -6.588323e+09 +1.167071e+15 +1.764008e+15 -2.247746e-06 1.1615    0.3875   
  11.291568  +2.830058e+15 +  8.65e+09  1.29e+11  YES  -6.593578e+09 +1.078574e+15 +1.751482e+15 -2.329840e-06 1.1617    0.3872   
  11.313708  +2.727513e+15 +  9.31e+09  1.27e+11  YES  -6.598832e+09 +9.846255e+14 +1.742884e+15 -2.419361e-06 1.1620    0.3869   
  11.379616  +2.422781e+15 +  9.64e+09  1.22e+11  YES  -6.614400e+09 +6.854290e+14 +1.737349e+15 -2.730089e-06 1.1628    0.3862   
  11.445523  +2.137640e+15 +  7.09e+09  1.17e+11  YES  -6.629732e+09 +3.839871e+14 +1.753653e+15 -3.101426e-06 1.1636    0.3855   
  11.575112  +1.707853e+15 +  6.32e+09  1.07e+11  YES  -6.658597e+09 -9.719496e+13 +1.805048e+15 -3.898812e-06 1.1652    0.3840   
  11.704700  +1.510383e+15 +  7.07e+09  9.86e+10  YES  -6.684969e+09 -3.109133e+14 +1.821296e+15 -4.426011e-06 1.1668    0.3826   
  11.747263  +1.495543e+15 +  5.36e+09  9.60e+10  YES  -6.692964e+09 -3.162389e+14 +1.811783e+15 -4.475271e-06 1.1673    0.3821   
  11.789826  +1.501758e+15 +  3.93e+09  9.34e+10  YES  -6.700601e+09 -2.926481e+14 +1.794409e+15 -4.461831e-06 1.1678    0.3817   
  11.998191  +1.723654e+15 +  5.99e+09  8.21e+10  YES  -6.732585e+09 +9.922403e+13 +1.624431e+15 -3.905994e-06 1.1703    0.3795   
  12.206556  +1.991837e+15 +  3.79e+09  7.24e+10  YES  -6.755994e+09 +5.632001e+14 +1.428640e+15 -3.391835e-06 1.1728    0.3773   
  12.247381  +2.028198e+15 +  4.77e+09  7.07e+10  YES  -6.759724e+09 +6.301227e+14 +1.398077e+15 -3.332868e-06 1.1733    0.3769   
  12.288206  +2.057128e+15 +  5.00e+09  6.90e+10  YES  -6.763219e+09 +6.863189e+14 +1.370811e+15 -3.287697e-06 1.1738    0.3765   
  12.409085  +2.095729e+15 +  1.86e+09  6.42e+10  YES  -6.772431e+09 +7.888483e+14 +1.306885e+15 -3.231532e-06 1.1752    0.3753   
  12.529964  +2.060606e+15 +  2.80e+09  5.99e+10  YES  -6.780460e+09 +8.033028e+14 +1.257307e+15 -3.290511e-06 1.1766    0.3741   
  12.648555  +1.954096e+15 +  3.29e+09  5.60e+10  YES  -6.787852e+09 +7.468567e+14 +1.207242e+15 -3.473648e-06 1.1780    0.3729   
  12.767145  +1.782225e+15 +  8.62e+08  5.23e+10  YES  -6.795395e+09 +6.361618e+14 +1.146070e+15 -3.812858e-06 1.1794    0.3718   
  12.844997  +1.641681e+15 +  1.68e+09  5.01e+10  YES  -6.800704e+09 +5.420024e+14 +1.099684e+15 -4.142511e-06 1.1803    0.3711   
  12.922848  +1.488526e+15 +  2.81e+09  4.80e+10  YES  -6.806462e+09 +4.375161e+14 +1.051014e+15 -4.572607e-06 1.1812    0.3703   
  12.961424  +1.411205e+15 +  2.67e+09  4.70e+10  YES  -6.809518e+09 +3.840426e+14 +1.027167e+15 -4.825307e-06 1.1816    0.3700   
  13.000000  +1.334877e+15 +  2.06e+09  4.60e+10  YES  -6.812726e+09 +3.307086e+14 +1.004173e+15 -5.103619e-06 1.1821    0.3696   
  13.076473  +1.192468e+15 +  6.85e+08  4.42e+10  YES  -6.819574e+09 +2.293795e+14 +9.630945e+14 -5.718845e-06 1.1830    0.3689   
  13.152946  +1.071526e+15 +  7.18e+08  4.24e+10  YES  -6.827124e+09 +1.405922e+14 +9.309402e+14 -6.371365e-06 1.1838    0.3682   
  13.266017  +9.526594e+14 +  2.00e+09  3.99e+10  YES  -6.839663e+09 +4.775741e+13 +9.049068e+14 -7.179511e-06 1.1851    0.3672   
  13.379088  +9.214755e+14 +  9.06e+08  3.76e+10  YES  -6.853878e+09 +1.525446e+13 +9.062270e+14 -7.437891e-06 1.1864    0.3662   
  13.416356  +9.308602e+14 +  4.49e+08  3.69e+10  YES  -6.858925e+09 +1.886451e+13 +9.120020e+14 -7.368322e-06 1.1868    0.3658   
  13.453624  +9.492687e+14 +  2.57e+08  3.62e+10  YES  -6.864144e+09 +2.935943e+13 +9.199159e+14 -7.230931e-06 1.1872    0.3655   
  13.636950  +1.137673e+15 +  1.36e+09  3.29e+10  YES  -6.892132e+09 +1.624729e+14 +9.752056e+14 -6.058066e-06 1.1893    0.3639   
  13.820275  +1.368135e+15 +  1.38e+08  3.00e+10  YES  -6.923225e+09 +3.524111e+14 +1.015731e+15 -5.060312e-06 1.1914    0.3623   
  13.856359  +1.403643e+15 +  2.56e+08  2.95e+10  YES  -6.929605e+09 +3.859667e+14 +1.017683e+15 -4.936846e-06 1.1918    0.3620   
  13.892444  +1.433346e+15 +  4.91e+08  2.90e+10  YES  -6.936046e+09 +4.162826e+14 +1.017069e+15 -4.839039e-06 1.1922    0.3617   
  13.964056  +1.472171e+15 +  8.93e+08  2.79e+10  YES  -6.948967e+09 +4.643777e+14 +1.007800e+15 -4.720196e-06 1.1929    0.3611   
  14.035669  +1.481189e+15 +  7.69e+08  2.70e+10  YES  -6.962000e+09 +4.935166e+14 +9.876786e+14 -4.700258e-06 1.1937    0.3605   
  14.071202  +1.474154e+15 +  5.45e+08  2.65e+10  YES  -6.968483e+09 +5.003350e+14 +9.738250e+14 -4.727087e-06 1.1941    0.3602   
  14.106736  +1.459601e+15 +  3.10e+08  2.61e+10  YES  -6.974962e+09 +5.020166e+14 +9.575915e+14 -4.778654e-06 1.1945    0.3599   
  ### VERIFIED-EST 119 of 119 ; P - PR + A negative beyond B : NONE ; positive 109 ; undecided [1.3, 1.35, 1.41, 1.5, 1.7, 1.9, 1.99, 2.0, 2.01, 2.1]
  ### the narrowest such width : None ; the realized growth G there : None (k`s: None)
  ### the pair (OFF-LINE) negative at 119, positive at 0 ; pair / rest from -7.438e-06 to -8.485e-15 ; at the widest cell (a = 14.106736) -4.778654e-06
  ### shortfall ESTIMATE above B at : NONE

### (C) BOTH -- XI. ### VERIFIED-EST iff |r| <= B ; signs decided beyond B ; the shortfall an ESTIMATE outside B.
  a          P - PR + A    s  |r|       B         VER  pair          others        on-line       pair / rest   G         G/e^dL   
  1.300000   +3.420080e+26 +  5.78e+22  3.40e+22  no   +2.853875e+03 +0.000000e+00 +3.420658e+26 +8.343057e-24 1.0018    0.8895   
  1.350000   +4.322541e+25 +  3.41e+21  3.14e+21  no   +3.366464e+03 +0.000000e+00 +4.322882e+25 +7.787545e-23 1.0024    0.8749   
  1.410000   +2.893802e+24 +  1.76e+20  1.73e+20  no   +3.197922e+03 +0.000000e+00 +2.893979e+24 +1.105026e-21 1.0031    0.8584   
  1.500000   +2.789978e+23 +  1.10e+19  1.08e+19  no   +2.399312e+03 +0.000000e+00 +2.790088e+23 +8.599413e-21 1.0043    0.8357   
  1.700000   +3.161673e+22 +  1.88e+18  1.88e+18  no   +2.891383e+03 +0.000000e+00 +3.161861e+22 +9.144560e-20 1.0074    0.7921   
  1.900000   +1.129126e+21 +  5.67e+14  5.48e+14  no   +2.632894e+03 +0.000000e+00 +1.129127e+21 +2.331797e-18 1.0109    0.7557   
  1.990000   +7.072022e+20 +  6.35e+14  6.26e+14  no   +2.417918e+03 +0.000000e+00 +7.072028e+20 +3.418988e-18 1.0125    0.7412   
  2.000000   +6.865861e+20 +  6.51e+14  6.42e+14  no   +2.413819e+03 +0.000000e+00 +6.865867e+20 +3.515680e-18 1.0127    0.7396   
  2.010000   +6.646225e+20 +  6.59e+14  6.51e+14  no   +2.413800e+03 +0.000000e+00 +6.646231e+20 +3.631833e-18 1.0129    0.7381   
  2.100000   +4.223584e+20 +  5.08e+14  5.02e+14  no   +2.562877e+03 +0.000000e+00 +4.223589e+20 +6.068007e-18 1.0145    0.7248   
  2.400000   +2.973404e+19 +  9.75e+12  9.71e+12  no   +2.753079e+03 +0.000000e+00 +2.973405e+19 +9.259009e-17 1.0203    0.6861   
  2.800000   +6.861516e+18 +  5.13e+11  4.99e+11  no   +2.738812e+03 +0.000000e+00 +6.861516e+18 +3.991555e-16 1.0281    0.6447   
  3.000000   +1.980059e+18 +  9.34e+10  9.25e+10  no   +2.818825e+03 +0.000000e+00 +1.980059e+18 +1.423607e-15 1.0320    0.6272   
  3.158312   +1.034863e+18 +  2.93e+10  2.90e+10  no   +2.660489e+03 +0.000000e+00 +1.034863e+18 +2.570862e-15 1.0351    0.6146   
  3.316625   +8.443300e+17 +  3.69e+10  3.65e+10  no   +2.558562e+03 +0.000000e+00 +8.443301e+17 +3.030286e-15 1.0382    0.6029   
  3.461088   +6.706833e+17 +  3.65e+10  3.64e+10  no   +2.605820e+03 +0.000000e+00 +6.706833e+17 +3.885321e-15 1.0410    0.5930   
  3.605551   +4.096217e+17 +  2.24e+10  2.23e+10  no   +2.719238e+03 +0.000000e+00 +4.096218e+17 +6.638413e-15 1.0438    0.5837   
  3.802776   +2.904892e+17 +  5.05e+09  5.02e+09  no   +2.792327e+03 +0.000000e+00 +2.904893e+17 +9.612498e-15 1.0475    0.5718   
  4.000000   +1.817896e+17 +  7.79e+08  7.69e+08  no   +2.710656e+03 +0.000000e+00 +1.817896e+17 +1.491095e-14 1.0513    0.5608   
  4.061553   +1.548679e+17 +  4.96e+08  4.88e+08  no   +2.673419e+03 +0.000000e+00 +1.548679e+17 +1.726257e-14 1.0524    0.5576   
  4.123106   +8.642778e+16 +  4.29e+08  4.21e+08  no   +2.639911e+03 +0.000000e+00 +8.642779e+16 +3.054470e-14 1.0536    0.5544   
  4.241002   +1.149765e+17 +  4.47e+08  4.42e+08  no   +2.599665e+03 +0.000000e+00 +1.149765e+17 +2.261040e-14 1.0558    0.5485   
  4.358899   +7.106718e+16 +  4.73e+08  4.69e+08  no   +2.599807e+03 +0.000000e+00 +7.106718e+16 +3.658239e-14 1.0579    0.5428   
  4.577365   +6.573365e+16 +  3.86e+08  3.83e+08  no   +2.678222e+03 +0.000000e+00 +6.573365e+16 +4.074355e-14 1.0619    0.5329   
  4.795832   +3.984362e+16 +  2.18e+08  2.16e+08  no   +2.753378e+03 +0.000000e+00 +3.984362e+16 +6.910462e-14 1.0658    0.5237   
  4.897916   +3.699034e+16 +  1.52e+08  1.51e+08  no   +2.760380e+03 +0.000000e+00 +3.699034e+16 +7.462434e-14 1.0677    0.5196   
  5.000000   +1.880907e+16 +  1.04e+08  1.03e+08  no   +2.747639e+03 +0.000000e+00 +1.880907e+16 +1.460805e-13 1.0695    0.5156   
  5.098076   +1.990262e+16 +  7.14e+07  7.10e+07  no   +2.721761e+03 +0.000000e+00 +1.990262e+16 +1.367539e-13 1.0712    0.5119   
  5.196152   +2.771667e+16 +  5.17e+07  5.14e+07  no   +2.689718e+03 +0.000000e+00 +2.771667e+16 +9.704331e-14 1.0729    0.5084   
  5.290659   +2.011668e+16 +  4.34e+07  4.32e+07  no   +2.659913e+03 +0.000000e+00 +2.011668e+16 +1.322242e-13 1.0745    0.5050   
  5.385165   +9.610572e+15 +  4.13e+07  4.10e+07  no   +2.636686e+03 +0.000000e+00 +9.610572e+15 +2.743527e-13 1.0762    0.5017   
  5.476465   +1.070812e+16 +  3.90e+07  3.87e+07  no   +2.623793e+03 +0.000000e+00 +1.070812e+16 +2.450284e-13 1.0777    0.4986   
  5.567764   +1.610100e+16 +  3.32e+07  3.30e+07  no   +2.621503e+03 +0.000000e+00 +1.610100e+16 +1.628161e-13 1.0793    0.4956   
  5.612309   +1.644182e+16 +  2.95e+07  2.93e+07  no   +2.624113e+03 +0.000000e+00 +1.644182e+16 +1.595999e-13 1.0800    0.4942   
  5.656854   +1.471792e+16 +  2.52e+07  2.50e+07  no   +2.628921e+03 +0.000000e+00 +1.471792e+16 +1.786203e-13 1.0808    0.4928   
  5.869808   +7.458824e+15 +  1.28e+07  1.26e+07  no   +2.672364e+03 +0.000000e+00 +7.458824e+15 +3.582822e-13 1.0844    0.4862   
  6.082763   +8.298025e+15 +  8.03e+06  7.93e+06  no   +2.719369e+03 +0.000000e+00 +8.298026e+15 +3.277128e-13 1.0879    0.4799   
  6.242943   +4.442913e+15 +  5.76e+06  5.71e+06  no   +2.736655e+03 +0.000000e+00 +4.442913e+15 +6.159596e-13 1.0905    0.4755   
  6.403124   +5.321375e+15 +  4.06e+06  4.02e+06  no   +2.732768e+03 +0.000000e+00 +5.321375e+15 +5.135454e-13 1.0931    0.4711   
  6.480281   +5.316863e+15 +  3.46e+06  3.42e+06  no   +2.724343e+03 +0.000000e+00 +5.316863e+15 +5.123966e-13 1.0943    0.4691   
  6.557439   +4.872051e+15 +  3.00e+06  2.97e+06  no   +2.712913e+03 +0.000000e+00 +4.872051e+15 +5.568319e-13 1.0956    0.4671   
  6.706547   +3.404765e+15 +  2.44e+06  2.42e+06  no   +2.686685e+03 +0.000000e+00 +3.404765e+15 +7.890954e-13 1.0979    0.4634   
  6.855655   +2.766956e+15 +  2.20e+06  2.18e+06  no   +2.662000e+03 +0.000000e+00 +2.766956e+15 +9.620678e-13 1.1003    0.4598   
  6.927827   +2.962969e+15 +  2.15e+06  2.13e+06  no   +2.652666e+03 +0.000000e+00 +2.962969e+15 +8.952729e-13 1.1014    0.4581   
  7.000000   +3.145297e+15 +  2.12e+06  2.10e+06  no   +2.645761e+03 +0.000000e+00 +3.145297e+15 +8.411799e-13 1.1025    0.4564   
  7.140055   +2.843391e+15 +  2.08e+06  2.07e+06  no   +2.640211e+03 +0.000000e+00 +2.843391e+15 +9.285431e-13 1.1047    0.4532   
  7.280110   +2.297257e+15 +  1.99e+06  1.98e+06  no   +2.644864e+03 +0.000000e+00 +2.297257e+15 +1.151314e-12 1.1068    0.4501   
  7.480628   +1.783719e+15 +  1.72e+06  1.71e+06  no   +2.664832e+03 +0.000000e+00 +1.783719e+15 +1.493975e-12 1.1099    0.4458   
  7.681146   +1.411468e+15 +  1.31e+06  1.30e+06  no   +2.690821e+03 +0.000000e+00 +1.411468e+15 +1.906399e-12 1.1129    0.4417   
  7.745698   +1.529786e+15 +  1.19e+06  1.18e+06  no   +2.698598e+03 +0.000000e+00 +1.529786e+15 +1.764036e-12 1.1138    0.4404   
  7.810250   +1.712456e+15 +  1.07e+06  1.06e+06  no   +2.705534e+03 +0.000000e+00 +1.712456e+15 +1.579914e-12 1.1148    0.4391   
  7.905125   +1.901641e+15 +  9.07e+05  9.01e+05  no   +2.713689e+03 +0.000000e+00 +1.901641e+15 +1.427025e-12 1.1162    0.4373   
  8.000000   +1.812174e+15 +  7.70e+05  7.65e+05  no   +2.718945e+03 +0.000000e+00 +1.812174e+15 +1.500378e-12 1.1176    0.4354   
  8.092676   +1.460675e+15 +  6.54e+05  6.49e+05  no   +2.721036e+03 +0.000000e+00 +1.460675e+15 +1.862861e-12 1.1189    0.4337   
  8.185353   +1.017307e+15 +  5.44e+05  5.40e+05  no   +2.720147e+03 +0.000000e+00 +1.017307e+15 +2.673871e-12 1.1203    0.4320   
  8.305751   +6.092497e+14 +  4.13e+05  4.10e+05  no   +2.715003e+03 +0.000000e+00 +6.092497e+14 +4.456306e-12 1.1220    0.4298   
  8.426150   +5.678190e+14 +  2.99e+05  2.96e+05  no   +2.706330e+03 +0.000000e+00 +5.678190e+14 +4.766184e-12 1.1237    0.4277   
  8.485077   +6.667550e+14 +  2.58e+05  2.55e+05  no   +2.701202e+03 +0.000000e+00 +6.667550e+14 +4.051266e-12 1.1246    0.4266   
  8.544004   +8.103543e+14 +  2.25e+05  2.23e+05  no   +2.695725e+03 +0.000000e+00 +8.103543e+14 +3.326601e-12 1.1254    0.4256   
  8.716099   +1.174715e+15 +  1.63e+05  1.61e+05  no   +2.679343e+03 +0.000000e+00 +1.174715e+15 +2.280844e-12 1.1278    0.4227   
  8.888194   +1.019169e+15 +  1.38e+05  1.37e+05  no   +2.665344e+03 +0.000000e+00 +1.019169e+15 +2.615212e-12 1.1302    0.4199   
  8.944097   +8.589583e+14 +  1.34e+05  1.33e+05  no   +2.661815e+03 +0.000000e+00 +8.589583e+14 +3.098887e-12 1.1310    0.4190   
  9.000000   +6.799192e+14 +  1.32e+05  1.30e+05  no   +2.658906e+03 +0.000000e+00 +6.799192e+14 +3.910620e-12 1.1318    0.4181   
  9.055217   +5.114725e+14 +  1.30e+05  1.28e+05  no   +2.656685e+03 +0.000000e+00 +5.114725e+14 +5.194190e-12 1.1325    0.4172   
  9.110434   +3.756977e+14 +  1.28e+05  1.27e+05  no   +2.655139e+03 +0.000000e+00 +3.756977e+14 +7.067222e-12 1.1333    0.4163   
  9.272207   +2.901012e+14 +  1.23e+05  1.22e+05  no   +2.654516e+03 +0.000000e+00 +2.901012e+14 +9.150308e-12 1.1355    0.4138   
  9.433981   +5.676532e+14 +  1.17e+05  1.16e+05  no   +2.659216e+03 +0.000000e+00 +5.676532e+14 +4.684578e-12 1.1377    0.4114   
  9.641419   +7.573892e+14 +  1.08e+05  1.07e+05  no   +2.670844e+03 +0.000000e+00 +7.573892e+14 +3.526382e-12 1.1405    0.4083   
  9.848858   +4.497810e+14 +  9.64e+04  9.55e+04  no   +2.685114e+03 +0.000000e+00 +4.497810e+14 +5.969825e-12 1.1433    0.4054   
  9.949367   +2.763157e+14 +  9.03e+04  8.95e+04  no   +2.691766e+03 +0.000000e+00 +2.763157e+14 +9.741631e-12 1.1446    0.4040   
  10.049876  +1.806239e+14 +  8.41e+04  8.34e+04  no   +2.697697e+03 +0.000000e+00 +1.806239e+14 +1.493543e-11 1.1459    0.4026   
  10.099384  +1.691928e+14 +  8.11e+04  8.04e+04  no   +2.700253e+03 +0.000000e+00 +1.691928e+14 +1.595962e-11 1.1466    0.4020   
  10.148892  +1.791616e+14 +  7.81e+04  7.74e+04  no   +2.702525e+03 +0.000000e+00 +1.791616e+14 +1.508428e-11 1.1472    0.4013   
  10.246486  +2.429706e+14 +  7.22e+04  7.16e+04  no   +2.706080e+03 +0.000000e+00 +2.429706e+14 +1.113748e-11 1.1485    0.4000   
  10.344080  +3.269403e+14 +  6.65e+04  6.60e+04  no   +2.708311e+03 +0.000000e+00 +3.269403e+14 +8.283809e-12 1.1498    0.3987   
  10.392193  +3.626708e+14 +  6.38e+04  6.33e+04  no   +2.708906e+03 +0.000000e+00 +3.626708e+14 +7.469326e-12 1.1504    0.3981   
  10.440307  +3.898142e+14 +  6.12e+04  6.07e+04  no   +2.709168e+03 +0.000000e+00 +3.898142e+14 +6.949895e-12 1.1510    0.3975   
  10.535226  +4.123222e+14 +  5.59e+04  5.55e+04  no   +2.708734e+03 +0.000000e+00 +4.123222e+14 +6.569459e-12 1.1522    0.3963   
  10.630146  +3.962353e+14 +  5.12e+04  5.08e+04  no   +2.707120e+03 +0.000000e+00 +3.962353e+14 +6.832102e-12 1.1534    0.3951   
  10.815073  +3.111011e+14 +  4.23e+04  4.20e+04  no   +2.701161e+03 +0.000000e+00 +3.111011e+14 +8.682582e-12 1.1558    0.3928   
  11.000000  +2.393603e+14 +  3.49e+04  3.47e+04  no   +2.692725e+03 +0.000000e+00 +2.393603e+14 +1.124967e-11 1.1581    0.3906   
  11.090170  +2.168603e+14 +  3.20e+04  3.18e+04  no   +2.688212e+03 +0.000000e+00 +2.168603e+14 +1.239606e-11 1.1592    0.3895   
  11.180340  +1.981358e+14 +  2.98e+04  2.96e+04  no   +2.683697e+03 +0.000000e+00 +1.981358e+14 +1.354473e-11 1.1603    0.3885   
  11.224884  +1.893161e+14 +  2.89e+04  2.88e+04  no   +2.681521e+03 +0.000000e+00 +1.893161e+14 +1.416426e-11 1.1609    0.3880   
  11.269428  +1.805898e+14 +  2.83e+04  2.81e+04  no   +2.679408e+03 +0.000000e+00 +1.805898e+14 +1.483699e-11 1.1615    0.3875   
  11.291568  +1.763085e+14 +  2.79e+04  2.77e+04  no   +2.678388e+03 +0.000000e+00 +1.763085e+14 +1.519148e-11 1.1617    0.3872   
  11.313708  +1.720971e+14 +  2.76e+04  2.74e+04  no   +2.677390e+03 +0.000000e+00 +1.720971e+14 +1.555743e-11 1.1620    0.3869   
  11.379616  +1.603563e+14 +  2.68e+04  2.66e+04  no   +2.674571e+03 +0.000000e+00 +1.603563e+14 +1.667892e-11 1.1628    0.3862   
  11.445523  +1.508058e+14 +  2.61e+04  2.60e+04  no   +2.672018e+03 +0.000000e+00 +1.508058e+14 +1.771827e-11 1.1636    0.3855   
  11.575112  +1.432152e+14 +  2.50e+04  2.48e+04  no   +2.667931e+03 +0.000000e+00 +1.432152e+14 +1.862882e-11 1.1652    0.3840   
  11.704700  +1.535871e+14 +  2.38e+04  2.36e+04  no   +2.665254e+03 +0.000000e+00 +1.535871e+14 +1.735338e-11 1.1668    0.3826   
  11.747263  +1.601567e+14 +  2.33e+04  2.31e+04  no   +2.664704e+03 +0.000000e+00 +1.601567e+14 +1.663810e-11 1.1673    0.3821   
  11.789826  +1.675877e+14 +  2.27e+04  2.26e+04  no   +2.664318e+03 +0.000000e+00 +1.675877e+14 +1.589805e-11 1.1678    0.3817   
  11.998191  +1.983972e+14 +  1.97e+04  1.95e+04  no   +2.664746e+03 +0.000000e+00 +1.983972e+14 +1.343137e-11 1.1703    0.3795   
  12.206556  +1.878402e+14 +  1.61e+04  1.59e+04  no   +2.668578e+03 +0.000000e+00 +1.878402e+14 +1.420664e-11 1.1728    0.3773   
  12.247381  +1.804920e+14 +  1.51e+04  1.49e+04  no   +2.669649e+03 +0.000000e+00 +1.804920e+14 +1.479095e-11 1.1733    0.3769   
  12.288206  +1.720246e+14 +  1.46e+04  1.45e+04  no   +2.670803e+03 +0.000000e+00 +1.720246e+14 +1.552571e-11 1.1738    0.3765   
  12.409085  +1.440984e+14 +  1.25e+04  1.24e+04  no   +2.674622e+03 +0.000000e+00 +1.440984e+14 +1.856108e-11 1.1752    0.3753   
  12.529964  +1.192311e+14 +  1.09e+04  1.08e+04  no   +2.678836e+03 +0.000000e+00 +1.192311e+14 +2.246760e-11 1.1766    0.3741   
  12.648555  +1.039190e+14 +  9.61e+03  9.51e+03  no   +2.683105e+03 +0.000000e+00 +1.039190e+14 +2.581919e-11 1.1780    0.3729   
  12.767145  +9.868612e+13 +  8.56e+03  8.47e+03  no   +2.687270e+03 +0.000000e+00 +9.868612e+13 +2.723047e-11 1.1794    0.3718   
  12.844997  +9.934186e+13 +  8.05e+03  7.96e+03  no   +2.689844e+03 +0.000000e+00 +9.934186e+13 +2.707664e-11 1.1803    0.3711   
  12.922848  +1.016318e+14 +  7.61e+03  7.53e+03  no   +2.692230e+03 +0.000000e+00 +1.016318e+14 +2.649003e-11 1.1812    0.3703   
  12.961424  +1.029296e+14 +  7.42e+03  7.35e+03  no   +2.693327e+03 +0.000000e+00 +1.029296e+14 +2.616670e-11 1.1816    0.3700   
  13.000000  +1.041271e+14 +  7.24e+03  7.16e+03  no   +2.694361e+03 +0.000000e+00 +1.041271e+14 +2.587569e-11 1.1821    0.3696   
  13.076473  +1.057320e+14 +  6.91e+03  6.84e+03  no   +2.696209e+03 +0.000000e+00 +1.057320e+14 +2.550041e-11 1.1830    0.3689   
  13.152946  +1.058154e+14 +  6.62e+03  6.55e+03  no   +2.697763e+03 +0.000000e+00 +1.058154e+14 +2.549501e-11 1.1838    0.3682   
  13.266017  +1.028680e+14 +  6.22e+03  6.16e+03  no   +2.699480e+03 +0.000000e+00 +1.028680e+14 +2.624218e-11 1.1851    0.3672   
  13.379088  +9.724463e+13 +  5.86e+03  5.81e+03  no   +2.700468e+03 +0.000000e+00 +9.724463e+13 +2.776985e-11 1.1864    0.3662   
  13.416356  +9.513724e+13 +  5.75e+03  5.70e+03  no   +2.700633e+03 +0.000000e+00 +9.513724e+13 +2.838671e-11 1.1868    0.3658   
  13.453624  +9.303588e+13 +  5.64e+03  5.59e+03  no   +2.700719e+03 +0.000000e+00 +9.303588e+13 +2.902878e-11 1.1872    0.3655   
  13.636950  +8.492081e+13 +  5.14e+03  5.10e+03  no   +2.700029e+03 +0.000000e+00 +8.492081e+13 +3.179467e-11 1.1893    0.3639   
  13.820275  +8.276404e+13 +  4.71e+03  4.67e+03  no   +2.697691e+03 +0.000000e+00 +8.276404e+13 +3.259496e-11 1.1914    0.3623   
  13.856359  +8.289619e+13 +  4.63e+03  4.59e+03  no   +2.697067e+03 +0.000000e+00 +8.289619e+13 +3.253548e-11 1.1918    0.3620   
  13.892444  +8.311384e+13 +  4.55e+03  4.52e+03  no   +2.696397e+03 +0.000000e+00 +8.311384e+13 +3.244222e-11 1.1922    0.3617   
  13.964056  +8.359928e+13 +  4.41e+03  4.38e+03  no   +2.694947e+03 +0.000000e+00 +8.359928e+13 +3.223648e-11 1.1929    0.3611   
  14.035669  +8.383072e+13 +  4.28e+03  4.24e+03  no   +2.693358e+03 +0.000000e+00 +8.383072e+13 +3.212853e-11 1.1937    0.3605   
  14.071202  +8.374299e+13 +  4.21e+03  4.18e+03  no   +2.692527e+03 +0.000000e+00 +8.374299e+13 +3.215227e-11 1.1941    0.3602   
  14.106736  +8.347428e+13 +  4.15e+03  4.12e+03  no   +2.691674e+03 +0.000000e+00 +8.347428e+13 +3.224555e-11 1.1945    0.3599   
  ### VERIFIED-EST 0 of 119 ; P - PR + A negative beyond B : NONE ; positive 0 ; undecided NONE
  ### the narrowest such width : None ; the realized growth G there : None (k`s: None)
  ### the pair (ON-LINE) negative at 0, positive at 119 ; pair / rest from +8.343e-24 to +3.259e-11 ; at the widest cell (a = 14.106736) +3.224555e-11
  ### shortfall ESTIMATE above B at : [1.3, 1.35, 1.41, 1.5, 1.9]

### COMPONENT 3 -- THE READING PER VARIANT, IN (R127)(2)`S WORDS:
    (A) NOTCHED : no Q0 cell is negative beyond its bound on a closing bank: the two-property window is not yet the witness; the ratio of the pair`s term to the rest at the widest cell (a = 14.106736) is -6.044028e-02
    (B) EDGE-WEIGHTED : no Q0 cell is negative beyond its bound on a closing bank: the two-property window is not yet the witness; the ratio of the pair`s term to the rest at the widest cell (a = 14.106736) is -4.156279e-01
    (C) BOTH : no Q0 cell is negative beyond its bound on a closing bank: the two-property window is not yet the witness; the ratio of the pair`s term to the rest at the widest cell (a = 14.106736) is -4.778654e-06
    ### THE WITNESS AT Q0 : NONE
    ### Nothing is claimed of the kernel either way.
====================================================================================================================================
